Treatment,Plot Number,Quadrat Number,Fenced,Gap,Shade Tolerant,Life Form,Year,0
Control,2,1,False,False,False,Large Forb/Herb,0,0.02631578947368421
Control,2,1,False,False,False,Large Forb/Herb,3,0.043859649122807015
Control,2,1,False,False,False,Large Forb/Herb,6,0.017543859649122806
Control,2,1,False,False,False,Medium Forb/Herb,0,0.043859649122807015
Control,2,1,False,False,False,Medium Forb/Herb,3,0.3684210526315789
Control,2,1,False,False,False,Medium Forb/Herb,6,0.017543859649122806
Control,2,1,False,False,False,Medium Non-tufted grass/sedge,0,0.0
Control,2,1,False,False,False,Medium Non-tufted grass/sedge,3,0.0
Control,2,1,False,False,False,Medium Non-tufted grass/sedge,6,0.008771929824561403
Control,2,1,False,False,False,Medium Tufted grass/sedge,0,0.08771929824561403
Control,2,1,False,False,False,Medium Tufted grass/sedge,3,0.2631578947368421
Control,2,1,False,False,False,Medium Tufted grass/sedge,6,0.017543859649122806
Control,2,1,False,False,False,Prostrate or Mat-forming Forb/Herb,0,0.008771929824561403
Control,2,1,False,False,False,Prostrate or Mat-forming Forb/Herb,3,0.0
Control,2,1,False,False,False,Prostrate or Mat-forming Forb/Herb,6,0.0
Control,2,1,False,False,False,Small Non-tufted grass/sedge,0,0.008771929824561403
Control,2,1,False,False,False,Small Non-tufted grass/sedge,3,0.05263157894736842
Control,2,1,False,False,False,Small Non-tufted grass/sedge,6,0.008771929824561403
Control,2,1,False,False,False,Small Tufted grass/sedge,0,0.017543859649122806
Control,2,1,False,False,False,Small Tufted grass/sedge,3,0.0
Control,2,1,False,False,False,Small Tufted grass/sedge,6,0.008771929824561403
Control,2,1,False,False,True,Climber,0,0.002857142857142857
Control,2,1,False,False,True,Climber,3,0.008571428571428572
Control,2,1,False,False,True,Climber,6,0.002857142857142857
Control,2,1,False,False,True,Large Forb/Herb,0,0.17142857142857143
Control,2,1,False,False,True,Large Forb/Herb,3,0.34285714285714286
Control,2,1,False,False,True,Large Forb/Herb,6,0.2857142857142857
Control,2,1,False,False,True,Medium Forb/Herb,0,0.005714285714285714
Control,2,1,False,False,True,Medium Forb/Herb,3,0.011428571428571429
Control,2,1,False,False,True,Medium Forb/Herb,6,0.0
Control,2,1,False,False,True,Medium Non-tufted grass/sedge,0,0.005714285714285714
Control,2,1,False,False,True,Medium Non-tufted grass/sedge,3,0.017142857142857144
Control,2,1,False,False,True,Medium Non-tufted grass/sedge,6,0.005714285714285714
Control,2,1,False,False,True,Prostrate Shrub,0,0.0
Control,2,1,False,False,True,Prostrate Shrub,3,0.017142857142857144
Control,2,1,False,False,True,Prostrate Shrub,6,0.0
Control,2,1,False,False,True,Prostrate or Mat-forming Forb/Herb,0,0.005714285714285714
Control,2,1,False,False,True,Prostrate or Mat-forming Forb/Herb,3,0.11428571428571428
Control,2,1,False,False,True,Prostrate or Mat-forming Forb/Herb,6,0.002857142857142857
Control,2,2,False,False,False,Large Forb/Herb,0,0.0072992700729927005
Control,2,2,False,False,False,Large Forb/Herb,3,0.19708029197080293
Control,2,2,False,False,False,Large Forb/Herb,6,0.014598540145985401
Control,2,2,False,False,False,Medium Forb/Herb,0,0.051094890510948905
Control,2,2,False,False,False,Medium Forb/Herb,3,0.1386861313868613
Control,2,2,False,False,False,Medium Forb/Herb,6,0.043795620437956206
Control,2,2,False,False,False,Medium Non-tufted grass/sedge,0,0.0
Control,2,2,False,False,False,Medium Non-tufted grass/sedge,3,0.0072992700729927005
Control,2,2,False,False,False,Medium Non-tufted grass/sedge,6,0.014598540145985401
Control,2,2,False,False,False,Medium Tufted grass/sedge,0,0.014598540145985401
Control,2,2,False,False,False,Medium Tufted grass/sedge,3,0.24817518248175183
Control,2,2,False,False,False,Medium Tufted grass/sedge,6,0.0072992700729927005
Control,2,2,False,False,False,Prostrate or Mat-forming Forb/Herb,0,0.014598540145985401
Control,2,2,False,False,False,Prostrate or Mat-forming Forb/Herb,3,0.058394160583941604
Control,2,2,False,False,False,Prostrate or Mat-forming Forb/Herb,6,0.014598540145985401
Control,2,2,False,False,False,Small Non-tufted grass/sedge,0,0.0072992700729927005
Control,2,2,False,False,False,Small Non-tufted grass/sedge,3,0.043795620437956206
Control,2,2,False,False,False,Small Non-tufted grass/sedge,6,0.0072992700729927005
Control,2,2,False,False,False,Small Tufted grass/sedge,0,0.072992700729927
Control,2,2,False,False,False,Small Tufted grass/sedge,3,0.0364963503649635
Control,2,2,False,False,False,Small Tufted grass/sedge,6,0.0
Control,2,2,False,False,True,Climber,0,0.0018018018018018018
Control,2,2,False,False,True,Climber,3,0.005405405405405406
Control,2,2,False,False,True,Climber,6,0.0018018018018018018
Control,2,2,False,False,True,Large Forb/Herb,0,0.18018018018018017
Control,2,2,False,False,True,Large Forb/Herb,3,0.32432432432432434
Control,2,2,False,False,True,Large Forb/Herb,6,0.18018018018018017
Control,2,2,False,False,True,Medium Forb/Herb,0,0.0018018018018018018
Control,2,2,False,False,True,Medium Forb/Herb,3,0.010810810810810811
Control,2,2,False,False,True,Medium Forb/Herb,6,0.007207207207207207
Control,2,2,False,False,True,Medium Non-tufted grass/sedge,0,0.018018018018018018
Control,2,2,False,False,True,Medium Non-tufted grass/sedge,3,0.010810810810810811
Control,2,2,False,False,True,Medium Non-tufted grass/sedge,6,0.018018018018018018
Control,2,2,False,False,True,Prostrate Shrub,0,0.0018018018018018018
Control,2,2,False,False,True,Prostrate Shrub,3,0.0
Control,2,2,False,False,True,Prostrate Shrub,6,0.005405405405405406
Control,2,2,False,False,True,Prostrate or Mat-forming Forb/Herb,0,0.10810810810810811
Control,2,2,False,False,True,Prostrate or Mat-forming Forb/Herb,3,0.11351351351351352
Control,2,2,False,False,True,Prostrate or Mat-forming Forb/Herb,6,0.0018018018018018018
Control,2,2,False,False,True,Small Tufted grass/sedge,0,0.0
Control,2,2,False,False,True,Small Tufted grass/sedge,3,0.0
Control,2,2,False,False,True,Small Tufted grass/sedge,6,0.0018018018018018018
Control,2,2,False,False,True,Tufted Ground Fern,0,0.0018018018018018018
Control,2,2,False,False,True,Tufted Ground Fern,3,0.005405405405405406
Control,2,2,False,False,True,Tufted Ground Fern,6,0.0
Control,2,3,False,False,False,Large Forb/Herb,0,0.03529411764705882
Control,2,3,False,False,False,Large Forb/Herb,3,0.07058823529411765
Control,2,3,False,False,False,Large Forb/Herb,6,0.023529411764705882
Control,2,3,False,False,False,Medium Forb/Herb,0,0.047058823529411764
Control,2,3,False,False,False,Medium Forb/Herb,3,0.09411764705882353
Control,2,3,False,False,False,Medium Forb/Herb,6,0.08235294117647059
Control,2,3,False,False,False,Medium Tufted grass/sedge,0,0.011764705882352941
Control,2,3,False,False,False,Medium Tufted grass/sedge,3,0.023529411764705882
Control,2,3,False,False,False,Medium Tufted grass/sedge,6,0.0
Control,2,3,False,False,False,Prostrate or Mat-forming Forb/Herb,0,0.0
Control,2,3,False,False,False,Prostrate or Mat-forming Forb/Herb,3,0.0
Control,2,3,False,False,False,Prostrate or Mat-forming Forb/Herb,6,0.03529411764705882
Control,2,3,False,False,False,Small Non-tufted grass/sedge,0,0.011764705882352941
Control,2,3,False,False,False,Small Non-tufted grass/sedge,3,0.047058823529411764
Control,2,3,False,False,False,Small Non-tufted grass/sedge,6,0.0
Control,2,3,False,False,False,Small Tufted grass/sedge,0,0.4823529411764706
Control,2,3,False,False,False,Small Tufted grass/sedge,3,0.0
Control,2,3,False,False,False,Small Tufted grass/sedge,6,0.03529411764705882
Control,2,3,False,False,True,Climber,0,0.002325581395348837
Control,2,3,False,False,True,Climber,3,0.0
Control,2,3,False,False,True,Climber,6,0.002325581395348837
Control,2,3,False,False,True,Large Forb/Herb,0,0.23255813953488372
Control,2,3,False,False,True,Large Forb/Herb,3,0.37209302325581395
Control,2,3,False,False,True,Large Forb/Herb,6,0.18604651162790697
Control,2,3,False,False,True,Medium Forb/Herb,0,0.004651162790697674
Control,2,3,False,False,True,Medium Forb/Herb,3,0.03255813953488372
Control,2,3,False,False,True,Medium Forb/Herb,6,0.0069767441860465115
Control,2,3,False,False,True,Medium Non-tufted grass/sedge,0,0.004651162790697674
Control,2,3,False,False,True,Medium Non-tufted grass/sedge,3,0.009302325581395349
Control,2,3,False,False,True,Medium Non-tufted grass/sedge,6,0.004651162790697674
Control,2,3,False,False,True,Prostrate or Mat-forming Forb/Herb,0,0.046511627906976744
Control,2,3,False,False,True,Prostrate or Mat-forming Forb/Herb,3,0.09302325581395349
Control,2,3,False,False,True,Prostrate or Mat-forming Forb/Herb,6,0.002325581395348837
Control,2,4,False,False,False,Large Forb/Herb,0,0.06779661016949153
Control,2,4,False,False,False,Large Forb/Herb,3,0.06779661016949153
Control,2,4,False,False,False,Large Forb/Herb,6,0.01694915254237288
Control,2,4,False,False,False,Medium Forb/Herb,0,0.06779661016949153
Control,2,4,False,False,False,Medium Forb/Herb,3,0.2711864406779661
Control,2,4,False,False,False,Medium Forb/Herb,6,0.05084745762711865
Control,2,4,False,False,False,Medium Tufted grass/sedge,0,0.05084745762711865
Control,2,4,False,False,False,Medium Tufted grass/sedge,3,0.1864406779661017
Control,2,4,False,False,False,Medium Tufted grass/sedge,6,0.0
Control,2,4,False,False,False,Prostrate or Mat-forming Forb/Herb,0,0.01694915254237288
Control,2,4,False,False,False,Prostrate or Mat-forming Forb/Herb,3,0.01694915254237288
Control,2,4,False,False,False,Prostrate or Mat-forming Forb/Herb,6,0.05084745762711865
Control,2,4,False,False,False,Small Non-tufted grass/sedge,0,0.0
Control,2,4,False,False,False,Small Non-tufted grass/sedge,3,0.03389830508474576
Control,2,4,False,False,False,Small Non-tufted grass/sedge,6,0.01694915254237288
Control,2,4,False,False,False,Small Tufted grass/sedge,0,0.06779661016949153
Control,2,4,False,False,False,Small Tufted grass/sedge,3,0.0
Control,2,4,False,False,False,Small Tufted grass/sedge,6,0.01694915254237288
Control,2,4,False,False,True,Climber,0,0.006578947368421052
Control,2,4,False,False,True,Climber,3,0.013157894736842105
Control,2,4,False,False,True,Climber,6,0.006578947368421052
Control,2,4,False,False,True,Large Forb/Herb,0,0.2631578947368421
Control,2,4,False,False,True,Large Forb/Herb,3,0.13157894736842105
Control,2,4,False,False,True,Large Forb/Herb,6,0.39473684210526316
Control,2,4,False,False,True,Medium Forb/Herb,0,0.0
Control,2,4,False,False,True,Medium Forb/Herb,3,0.006578947368421052
Control,2,4,False,False,True,Medium Forb/Herb,6,0.013157894736842105
Control,2,4,False,False,True,Medium Non-tufted grass/sedge,0,0.013157894736842105
Control,2,4,False,False,True,Medium Non-tufted grass/sedge,3,0.06578947368421052
Control,2,4,False,False,True,Medium Non-tufted grass/sedge,6,0.013157894736842105
Control,2,4,False,False,True,Prostrate or Mat-forming Forb/Herb,0,0.06578947368421052
Control,2,4,False,False,True,Prostrate or Mat-forming Forb/Herb,3,0.0
Control,2,4,False,False,True,Prostrate or Mat-forming Forb/Herb,6,0.006578947368421052
Control,2,5,False,False,False,Large Forb/Herb,0,0.013333333333333334
Control,2,5,False,False,False,Large Forb/Herb,3,0.02666666666666667
Control,2,5,False,False,False,Large Forb/Herb,6,0.02666666666666667
Control,2,5,False,False,False,Medium Forb/Herb,0,0.05333333333333334
Control,2,5,False,False,False,Medium Forb/Herb,3,0.08
Control,2,5,False,False,False,Medium Forb/Herb,6,0.05333333333333334
Control,2,5,False,False,False,Prostrate or Mat-forming Forb/Herb,0,0.02666666666666667
Control,2,5,False,False,False,Prostrate or Mat-forming Forb/Herb,3,0.04
Control,2,5,False,False,False,Prostrate or Mat-forming Forb/Herb,6,0.04
Control,2,5,False,False,False,Small Non-tufted grass/sedge,0,0.0
Control,2,5,False,False,False,Small Non-tufted grass/sedge,3,0.02666666666666667
Control,2,5,False,False,False,Small Non-tufted grass/sedge,6,0.02666666666666667
Control,2,5,False,False,False,Small Tufted grass/sedge,0,0.5466666666666666
Control,2,5,False,False,False,Small Tufted grass/sedge,3,0.04
Control,2,5,False,False,False,Small Tufted grass/sedge,6,0.0
Control,2,5,False,False,True,Climber,0,0.0
Control,2,5,False,False,True,Climber,3,0.004807692307692308
Control,2,5,False,False,True,Climber,6,0.0
Control,2,5,False,False,True,Large Forb/Herb,0,0.28846153846153844
Control,2,5,False,False,True,Large Forb/Herb,3,0.19230769230769232
Control,2,5,False,False,True,Large Forb/Herb,6,0.38461538461538464
Control,2,5,False,False,True,Medium Forb/Herb,0,0.004807692307692308
Control,2,5,False,False,True,Medium Forb/Herb,3,0.0
Control,2,5,False,False,True,Medium Forb/Herb,6,0.0
Control,2,5,False,False,True,Medium Non-tufted grass/sedge,0,0.09615384615384616
Control,2,5,False,False,True,Medium Non-tufted grass/sedge,3,0.009615384615384616
Control,2,5,False,False,True,Medium Non-tufted grass/sedge,6,0.004807692307692308
Control,2,5,False,False,True,Prostrate or Mat-forming Forb/Herb,0,0.0
Control,2,5,False,False,True,Prostrate or Mat-forming Forb/Herb,3,0.004807692307692308
Control,2,5,False,False,True,Prostrate or Mat-forming Forb/Herb,6,0.004807692307692308
Control,2,5,False,False,True,Small Tufted grass/sedge,0,0.0
Control,2,5,False,False,True,Small Tufted grass/sedge,3,0.0
Control,2,5,False,False,True,Small Tufted grass/sedge,6,0.004807692307692308
Control,2,6,False,False,False,Large Forb/Herb,0,0.1016949152542373
Control,2,6,False,False,False,Large Forb/Herb,3,0.03389830508474576
Control,2,6,False,False,False,Large Forb/Herb,6,0.01694915254237288
Control,2,6,False,False,False,Medium Forb/Herb,0,0.0847457627118644
Control,2,6,False,False,False,Medium Forb/Herb,3,0.2542372881355932
Control,2,6,False,False,False,Medium Forb/Herb,6,0.1694915254237288
Control,2,6,False,False,False,Medium Tufted grass/sedge,0,0.01694915254237288
Control,2,6,False,False,False,Medium Tufted grass/sedge,3,0.01694915254237288
Control,2,6,False,False,False,Medium Tufted grass/sedge,6,0.01694915254237288
Control,2,6,False,False,False,Prostrate or Mat-forming Forb/Herb,0,0.05084745762711865
Control,2,6,False,False,False,Prostrate or Mat-forming Forb/Herb,3,0.01694915254237288
Control,2,6,False,False,False,Prostrate or Mat-forming Forb/Herb,6,0.06779661016949153
Control,2,6,False,False,False,Shrub,0,0.01694915254237288
Control,2,6,False,False,False,Shrub,3,0.0
Control,2,6,False,False,False,Shrub,6,0.0
Control,2,6,False,False,False,Small Non-tufted grass/sedge,0,0.01694915254237288
Control,2,6,False,False,False,Small Non-tufted grass/sedge,3,0.0
Control,2,6,False,False,False,Small Non-tufted grass/sedge,6,0.03389830508474576
Control,2,6,False,False,False,Small Tufted grass/sedge,0,0.03389830508474576
Control,2,6,False,False,False,Small Tufted grass/sedge,3,0.01694915254237288
Control,2,6,False,False,False,Small Tufted grass/sedge,6,0.03389830508474576
Control,2,6,False,False,True,Climber,0,0.0029940119760479044
Control,2,6,False,False,True,Climber,3,0.0
Control,2,6,False,False,True,Climber,6,0.0029940119760479044
Control,2,6,False,False,True,Large Forb/Herb,0,0.0
Control,2,6,False,False,True,Large Forb/Herb,3,0.2994011976047904
Control,2,6,False,False,True,Large Forb/Herb,6,0.2994011976047904
Control,2,6,False,False,True,Medium Forb/Herb,0,0.0029940119760479044
Control,2,6,False,False,True,Medium Forb/Herb,3,0.005988023952095809
Control,2,6,False,False,True,Medium Forb/Herb,6,0.008982035928143712
Control,2,6,False,False,True,Medium Non-tufted grass/sedge,0,0.059880239520958084
Control,2,6,False,False,True,Medium Non-tufted grass/sedge,3,0.029940119760479042
Control,2,6,False,False,True,Medium Non-tufted grass/sedge,6,0.005988023952095809
Control,2,6,False,False,True,Prostrate or Mat-forming Forb/Herb,0,0.23952095808383234
Control,2,6,False,False,True,Prostrate or Mat-forming Forb/Herb,3,0.029940119760479042
Control,2,6,False,False,True,Prostrate or Mat-forming Forb/Herb,6,0.0029940119760479044
Control,2,6,False,False,True,Small Forb/Herb,0,0.0029940119760479044
Control,2,6,False,False,True,Small Forb/Herb,3,0.0
Control,2,6,False,False,True,Small Forb/Herb,6,0.0
Control,2,6,False,False,True,Small Tufted grass/sedge,0,0.0
Control,2,6,False,False,True,Small Tufted grass/sedge,3,0.0
Control,2,6,False,False,True,Small Tufted grass/sedge,6,0.005988023952095809
Control,2,7,False,False,False,Large Forb/Herb,0,0.19696969696969696
Control,2,7,False,False,False,Large Forb/Herb,3,0.07575757575757576
Control,2,7,False,False,False,Large Forb/Herb,6,0.030303030303030304
Control,2,7,False,False,False,Medium Forb/Herb,0,0.07575757575757576
Control,2,7,False,False,False,Medium Forb/Herb,3,0.24242424242424243
Control,2,7,False,False,False,Medium Forb/Herb,6,0.09090909090909091
Control,2,7,False,False,False,Medium Tufted grass/sedge,0,0.0
Control,2,7,False,False,False,Medium Tufted grass/sedge,3,0.030303030303030304
Control,2,7,False,False,False,Medium Tufted grass/sedge,6,0.015151515151515152
Control,2,7,False,False,False,Prostrate or Mat-forming Forb/Herb,0,0.030303030303030304
Control,2,7,False,False,False,Prostrate or Mat-forming Forb/Herb,3,0.015151515151515152
Control,2,7,False,False,False,Prostrate or Mat-forming Forb/Herb,6,0.045454545454545456
Control,2,7,False,False,False,Small Non-tufted grass/sedge,0,0.015151515151515152
Control,2,7,False,False,False,Small Non-tufted grass/sedge,3,0.030303030303030304
Control,2,7,False,False,False,Small Non-tufted grass/sedge,6,0.030303030303030304
Control,2,7,False,False,False,Small Tufted grass/sedge,0,0.06060606060606061
Control,2,7,False,False,False,Small Tufted grass/sedge,3,0.0
Control,2,7,False,False,False,Small Tufted grass/sedge,6,0.015151515151515152
Control,2,7,False,False,True,Climber,0,0.003205128205128205
Control,2,7,False,False,True,Climber,3,0.00641025641025641
Control,2,7,False,False,True,Climber,6,0.0
Control,2,7,False,False,True,Large Forb/Herb,0,0.32051282051282054
Control,2,7,False,False,True,Large Forb/Herb,3,0.2564102564102564
Control,2,7,False,False,True,Large Forb/Herb,6,0.32051282051282054
Control,2,7,False,False,True,Medium Forb/Herb,0,0.00641025641025641
Control,2,7,False,False,True,Medium Forb/Herb,3,0.01282051282051282
Control,2,7,False,False,True,Medium Forb/Herb,6,0.01282051282051282
Control,2,7,False,False,True,Medium Non-tufted grass/sedge,0,0.03205128205128205
Control,2,7,False,False,True,Medium Non-tufted grass/sedge,3,0.00641025641025641
Control,2,7,False,False,True,Medium Non-tufted grass/sedge,6,0.00641025641025641
Control,2,7,False,False,True,Prostrate or Mat-forming Forb/Herb,0,0.0
Control,2,7,False,False,True,Prostrate or Mat-forming Forb/Herb,3,0.00641025641025641
Control,2,7,False,False,True,Prostrate or Mat-forming Forb/Herb,6,0.0
Control,2,7,False,False,True,Small Forb/Herb,0,0.003205128205128205
Control,2,7,False,False,True,Small Forb/Herb,3,0.0
Control,2,7,False,False,True,Small Forb/Herb,6,0.0
Control,2,7,False,False,True,Small Tufted grass/sedge,0,0.0
Control,2,7,False,False,True,Small Tufted grass/sedge,3,0.0
Control,2,7,False,False,True,Small Tufted grass/sedge,6,0.00641025641025641
Control,2,8,False,False,False,Large Forb/Herb,0,0.04878048780487805
Control,2,8,False,False,False,Large Forb/Herb,3,0.04878048780487805
Control,2,8,False,False,False,Large Forb/Herb,6,0.04878048780487805
Control,2,8,False,False,False,Medium Forb/Herb,0,0.14634146341463414
Control,2,8,False,False,False,Medium Forb/Herb,3,0.2682926829268293
Control,2,8,False,False,False,Medium Forb/Herb,6,0.0975609756097561
Control,2,8,False,False,False,Medium Tufted grass/sedge,0,0.0
Control,2,8,False,False,False,Medium Tufted grass/sedge,3,0.024390243902439025
Control,2,8,False,False,False,Medium Tufted grass/sedge,6,0.024390243902439025
Control,2,8,False,False,False,Prostrate or Mat-forming Forb/Herb,0,0.04878048780487805
Control,2,8,False,False,False,Prostrate or Mat-forming Forb/Herb,3,0.024390243902439025
Control,2,8,False,False,False,Prostrate or Mat-forming Forb/Herb,6,0.04878048780487805
Control,2,8,False,False,False,Small Non-tufted grass/sedge,0,0.024390243902439025
Control,2,8,False,False,False,Small Non-tufted grass/sedge,3,0.04878048780487805
Control,2,8,False,False,False,Small Non-tufted grass/sedge,6,0.04878048780487805
Control,2,8,False,False,False,Small Tufted grass/sedge,0,0.024390243902439025
Control,2,8,False,False,False,Small Tufted grass/sedge,3,0.024390243902439025
Control,2,8,False,False,False,Small Tufted grass/sedge,6,0.0
Control,2,8,False,False,True,Large Forb/Herb,0,0.2684563758389262
Control,2,8,False,False,True,Large Forb/Herb,3,0.33557046979865773
Control,2,8,False,False,True,Large Forb/Herb,6,0.33557046979865773
Control,2,8,False,False,True,Medium Forb/Herb,0,0.006711409395973154
Control,2,8,False,False,True,Medium Forb/Herb,3,0.003355704697986577
Control,2,8,False,False,True,Medium Forb/Herb,6,0.003355704697986577
Control,2,8,False,False,True,Medium Non-tufted grass/sedge,0,0.006711409395973154
Control,2,8,False,False,True,Medium Non-tufted grass/sedge,3,0.006711409395973154
Control,2,8,False,False,True,Medium Non-tufted grass/sedge,6,0.006711409395973154
Control,2,8,False,False,True,Prostrate or Mat-forming Forb/Herb,0,0.003355704697986577
Control,2,8,False,False,True,Prostrate or Mat-forming Forb/Herb,3,0.006711409395973154
Control,2,8,False,False,True,Prostrate or Mat-forming Forb/Herb,6,0.003355704697986577
Control,2,8,False,False,True,Tufted Ground Fern,0,0.003355704697986577
Control,2,8,False,False,True,Tufted Ground Fern,3,0.006711409395973154
Control,2,8,False,False,True,Tufted Ground Fern,6,0.003355704697986577
Control,2,9,False,False,False,Large Forb/Herb,0,0.21818181818181817
Control,2,9,False,False,False,Large Forb/Herb,3,0.05454545454545454
Control,2,9,False,False,False,Large Forb/Herb,6,0.01818181818181818
Control,2,9,False,False,False,Medium Forb/Herb,0,0.03636363636363636
Control,2,9,False,False,False,Medium Forb/Herb,3,0.01818181818181818
Control,2,9,False,False,False,Medium Forb/Herb,6,0.09090909090909091
Control,2,9,False,False,False,Medium Tufted grass/sedge,0,0.0
Control,2,9,False,False,False,Medium Tufted grass/sedge,3,0.01818181818181818
Control,2,9,False,False,False,Medium Tufted grass/sedge,6,0.01818181818181818
Control,2,9,False,False,False,Prostrate or Mat-forming Forb/Herb,0,0.05454545454545454
Control,2,9,False,False,False,Prostrate or Mat-forming Forb/Herb,3,0.0
Control,2,9,False,False,False,Prostrate or Mat-forming Forb/Herb,6,0.03636363636363636
Control,2,9,False,False,False,Small Non-tufted grass/sedge,0,0.0
Control,2,9,False,False,False,Small Non-tufted grass/sedge,3,0.01818181818181818
Control,2,9,False,False,False,Small Non-tufted grass/sedge,6,0.0
Control,2,9,False,False,False,Small Tufted grass/sedge,0,0.36363636363636365
Control,2,9,False,False,False,Small Tufted grass/sedge,3,0.01818181818181818
Control,2,9,False,False,False,Small Tufted grass/sedge,6,0.03636363636363636
Control,2,9,False,False,True,Climber,0,0.004629629629629629
Control,2,9,False,False,True,Climber,3,0.0
Control,2,9,False,False,True,Climber,6,0.004629629629629629
Control,2,9,False,False,True,Large Forb/Herb,0,0.37037037037037035
Control,2,9,False,False,True,Large Forb/Herb,3,0.0
Control,2,9,False,False,True,Large Forb/Herb,6,0.46296296296296297
Control,2,9,False,False,True,Medium Forb/Herb,0,0.004629629629629629
Control,2,9,False,False,True,Medium Forb/Herb,3,0.0
Control,2,9,False,False,True,Medium Forb/Herb,6,0.009259259259259259
Control,2,9,False,False,True,Medium Non-tufted grass/sedge,0,0.09259259259259259
Control,2,9,False,False,True,Medium Non-tufted grass/sedge,3,0.0
Control,2,9,False,False,True,Medium Non-tufted grass/sedge,6,0.004629629629629629
Control,2,9,False,False,True,Prostrate or Mat-forming Forb/Herb,0,0.046296296296296294
Control,2,9,False,False,True,Prostrate or Mat-forming Forb/Herb,3,0.0
Control,2,9,False,False,True,Prostrate or Mat-forming Forb/Herb,6,0.0
Control,2,10,False,False,False,Large Forb/Herb,0,0.10869565217391304
Control,2,10,False,False,False,Large Forb/Herb,3,0.06521739130434782
Control,2,10,False,False,False,Large Forb/Herb,6,0.10869565217391304
Control,2,10,False,False,False,Medium Forb/Herb,0,0.13043478260869565
Control,2,10,False,False,False,Medium Forb/Herb,3,0.15217391304347827
Control,2,10,False,False,False,Medium Forb/Herb,6,0.10869565217391304
Control,2,10,False,False,False,Medium Tufted grass/sedge,0,0.0
Control,2,10,False,False,False,Medium Tufted grass/sedge,3,0.043478260869565216
Control,2,10,False,False,False,Medium Tufted grass/sedge,6,0.0
Control,2,10,False,False,False,Prostrate or Mat-forming Forb/Herb,0,0.06521739130434782
Control,2,10,False,False,False,Prostrate or Mat-forming Forb/Herb,3,0.043478260869565216
Control,2,10,False,False,False,Prostrate or Mat-forming Forb/Herb,6,0.06521739130434782
Control,2,10,False,False,False,Small Non-tufted grass/sedge,0,0.021739130434782608
Control,2,10,False,False,False,Small Non-tufted grass/sedge,3,0.0
Control,2,10,False,False,False,Small Non-tufted grass/sedge,6,0.0
Control,2,10,False,False,False,Small Tufted grass/sedge,0,0.043478260869565216
Control,2,10,False,False,False,Small Tufted grass/sedge,3,0.021739130434782608
Control,2,10,False,False,False,Small Tufted grass/sedge,6,0.021739130434782608
Control,2,10,False,False,True,Climber,0,0.0
Control,2,10,False,False,True,Climber,3,0.0
Control,2,10,False,False,True,Climber,6,0.004629629629629629
Control,2,10,False,False,True,Large Forb/Herb,0,0.2777777777777778
Control,2,10,False,False,True,Large Forb/Herb,3,0.2824074074074074
Control,2,10,False,False,True,Large Forb/Herb,6,0.37037037037037035
Control,2,10,False,False,True,Medium Forb/Herb,0,0.0
Control,2,10,False,False,True,Medium Forb/Herb,3,0.013888888888888888
Control,2,10,False,False,True,Medium Forb/Herb,6,0.009259259259259259
Control,2,10,False,False,True,Medium Non-tufted grass/sedge,0,0.009259259259259259
Control,2,10,False,False,True,Medium Non-tufted grass/sedge,3,0.009259259259259259
Control,2,10,False,False,True,Medium Non-tufted grass/sedge,6,0.004629629629629629
Control,2,10,False,False,True,Prostrate or Mat-forming Forb/Herb,0,0.004629629629629629
Control,2,10,False,False,True,Prostrate or Mat-forming Forb/Herb,3,0.009259259259259259
Control,2,10,False,False,True,Prostrate or Mat-forming Forb/Herb,6,0.004629629629629629
Control,2,11,False,False,False,Large Forb/Herb,0,0.06521739130434782
Control,2,11,False,False,False,Large Forb/Herb,3,0.08695652173913043
Control,2,11,False,False,False,Large Forb/Herb,6,0.021739130434782608
Control,2,11,False,False,False,Medium Forb/Herb,0,0.06521739130434782
Control,2,11,False,False,False,Medium Forb/Herb,3,0.021739130434782608
Control,2,11,False,False,False,Medium Forb/Herb,6,0.08695652173913043
Control,2,11,False,False,False,Medium Non-tufted grass/sedge,0,0.0
Control,2,11,False,False,False,Medium Non-tufted grass/sedge,3,0.0
Control,2,11,False,False,False,Medium Non-tufted grass/sedge,6,0.21739130434782608
Control,2,11,False,False,False,Medium Tufted grass/sedge,0,0.06521739130434782
Control,2,11,False,False,False,Medium Tufted grass/sedge,3,0.06521739130434782
Control,2,11,False,False,False,Medium Tufted grass/sedge,6,0.021739130434782608
Control,2,11,False,False,False,Prostrate or Mat-forming Forb/Herb,0,0.06521739130434782
Control,2,11,False,False,False,Prostrate or Mat-forming Forb/Herb,3,0.043478260869565216
Control,2,11,False,False,False,Prostrate or Mat-forming Forb/Herb,6,0.06521739130434782
Control,2,11,False,False,False,Small Non-tufted grass/sedge,0,0.0
Control,2,11,False,False,False,Small Non-tufted grass/sedge,3,0.043478260869565216
Control,2,11,False,False,False,Small Non-tufted grass/sedge,6,0.0
Control,2,11,False,False,False,Small Tufted grass/sedge,0,0.043478260869565216
Control,2,11,False,False,False,Small Tufted grass/sedge,3,0.021739130434782608
Control,2,11,False,False,False,Small Tufted grass/sedge,6,0.0
Control,2,11,False,False,True,Climber,0,0.0
Control,2,11,False,False,True,Climber,3,0.0031446540880503146
Control,2,11,False,False,True,Climber,6,0.0031446540880503146
Control,2,11,False,False,True,Large Forb/Herb,0,0.25157232704402516
Control,2,11,False,False,True,Large Forb/Herb,3,0.31761006289308175
Control,2,11,False,False,True,Large Forb/Herb,6,0.25157232704402516
Control,2,11,False,False,True,Medium Forb/Herb,0,0.012578616352201259
Control,2,11,False,False,True,Medium Forb/Herb,3,0.012578616352201259
Control,2,11,False,False,True,Medium Forb/Herb,6,0.009433962264150943
Control,2,11,False,False,True,Medium Non-tufted grass/sedge,0,0.06289308176100629
Control,2,11,False,False,True,Medium Non-tufted grass/sedge,3,0.031446540880503145
Control,2,11,False,False,True,Medium Non-tufted grass/sedge,6,0.0031446540880503146
Control,2,11,False,False,True,Prostrate or Mat-forming Forb/Herb,0,0.006289308176100629
Control,2,11,False,False,True,Prostrate or Mat-forming Forb/Herb,3,0.031446540880503145
Control,2,11,False,False,True,Prostrate or Mat-forming Forb/Herb,6,0.0031446540880503146
Control,2,12,False,False,False,Large Forb/Herb,0,0.03278688524590164
Control,2,12,False,False,False,Large Forb/Herb,3,0.13114754098360656
Control,2,12,False,False,False,Large Forb/Herb,6,0.04918032786885246
Control,2,12,False,False,False,Large Tufted grass/sedge,0,0.01639344262295082
Control,2,12,False,False,False,Large Tufted grass/sedge,3,0.0
Control,2,12,False,False,False,Large Tufted grass/sedge,6,0.0
Control,2,12,False,False,False,Medium Forb/Herb,0,0.01639344262295082
Control,2,12,False,False,False,Medium Forb/Herb,3,0.06557377049180328
Control,2,12,False,False,False,Medium Forb/Herb,6,0.09836065573770492
Control,2,12,False,False,False,Medium Non-tufted grass/sedge,0,0.0
Control,2,12,False,False,False,Medium Non-tufted grass/sedge,3,0.0
Control,2,12,False,False,False,Medium Non-tufted grass/sedge,6,0.03278688524590164
Control,2,12,False,False,False,Prostrate or Mat-forming Forb/Herb,0,0.06557377049180328
Control,2,12,False,False,False,Prostrate or Mat-forming Forb/Herb,3,0.03278688524590164
Control,2,12,False,False,False,Prostrate or Mat-forming Forb/Herb,6,0.03278688524590164
Control,2,12,False,False,False,Small Non-tufted grass/sedge,0,0.0
Control,2,12,False,False,False,Small Non-tufted grass/sedge,3,0.03278688524590164
Control,2,12,False,False,False,Small Non-tufted grass/sedge,6,0.0
Control,2,12,False,False,False,Small Shrub,0,0.0
Control,2,12,False,False,False,Small Shrub,3,0.03278688524590164
Control,2,12,False,False,False,Small Shrub,6,0.0
Control,2,12,False,False,False,Small Tufted grass/sedge,0,0.32786885245901637
Control,2,12,False,False,False,Small Tufted grass/sedge,3,0.0
Control,2,12,False,False,False,Small Tufted grass/sedge,6,0.03278688524590164
Control,2,12,False,False,True,Climber,0,0.0014367816091954023
Control,2,12,False,False,True,Climber,3,0.0028735632183908046
Control,2,12,False,False,True,Climber,6,0.0
Control,2,12,False,False,True,Large Forb/Herb,0,0.20114942528735633
Control,2,12,False,False,True,Large Forb/Herb,3,0.40229885057471265
Control,2,12,False,False,True,Large Forb/Herb,6,0.1724137931034483
Control,2,12,False,False,True,Medium Forb/Herb,0,0.0028735632183908046
Control,2,12,False,False,True,Medium Forb/Herb,3,0.005747126436781609
Control,2,12,False,False,True,Medium Forb/Herb,6,0.0014367816091954023
Control,2,12,False,False,True,Medium Non-tufted grass/sedge,0,0.05747126436781609
Control,2,12,False,False,True,Medium Non-tufted grass/sedge,3,0.005747126436781609
Control,2,12,False,False,True,Medium Non-tufted grass/sedge,6,0.0014367816091954023
Control,2,12,False,False,True,Prostrate or Mat-forming Forb/Herb,0,0.11494252873563218
Control,2,12,False,False,True,Prostrate or Mat-forming Forb/Herb,3,0.028735632183908046
Control,2,12,False,False,True,Prostrate or Mat-forming Forb/Herb,6,0.0014367816091954023
Control,2,13,False,False,False,Large Forb/Herb,0,0.016853932584269662
Control,2,13,False,False,False,Large Forb/Herb,3,0.06179775280898876
Control,2,13,False,False,False,Large Forb/Herb,6,0.011235955056179775
Control,2,13,False,False,False,Medium Forb/Herb,0,0.016853932584269662
Control,2,13,False,False,False,Medium Forb/Herb,3,0.02247191011235955
Control,2,13,False,False,False,Medium Forb/Herb,6,0.016853932584269662
Control,2,13,False,False,False,Medium Tufted grass/sedge,0,0.0
Control,2,13,False,False,False,Medium Tufted grass/sedge,3,0.0056179775280898875
Control,2,13,False,False,False,Medium Tufted grass/sedge,6,0.0
Control,2,13,False,False,False,Prostrate or Mat-forming Forb/Herb,0,0.0
Control,2,13,False,False,False,Prostrate or Mat-forming Forb/Herb,3,0.011235955056179775
Control,2,13,False,False,False,Prostrate or Mat-forming Forb/Herb,6,0.016853932584269662
Control,2,13,False,False,False,Small Non-tufted grass/sedge,0,0.0
Control,2,13,False,False,False,Small Non-tufted grass/sedge,3,0.011235955056179775
Control,2,13,False,False,False,Small Non-tufted grass/sedge,6,0.0056179775280898875
Control,2,13,False,False,False,Small Tufted grass/sedge,0,0.6741573033707865
Control,2,13,False,False,False,Small Tufted grass/sedge,3,0.12359550561797752
Control,2,13,False,False,False,Small Tufted grass/sedge,6,0.0056179775280898875
Control,2,13,False,False,True,Large Forb/Herb,0,0.06451612903225806
Control,2,13,False,False,True,Large Forb/Herb,3,0.25806451612903225
Control,2,13,False,False,True,Large Forb/Herb,6,0.3225806451612903
Control,2,13,False,False,True,Medium Forb/Herb,0,0.0032258064516129032
Control,2,13,False,False,True,Medium Forb/Herb,3,0.0064516129032258064
Control,2,13,False,False,True,Medium Forb/Herb,6,0.0032258064516129032
Control,2,13,False,False,True,Medium Non-tufted grass/sedge,0,0.06451612903225806
Control,2,13,False,False,True,Medium Non-tufted grass/sedge,3,0.12903225806451613
Control,2,13,False,False,True,Medium Non-tufted grass/sedge,6,0.0064516129032258064
Control,2,13,False,False,True,Prostrate or Mat-forming Forb/Herb,0,0.12903225806451613
Control,2,13,False,False,True,Prostrate or Mat-forming Forb/Herb,3,0.0064516129032258064
Control,2,13,False,False,True,Prostrate or Mat-forming Forb/Herb,6,0.0032258064516129032
Control,2,13,False,False,True,Small Tufted grass/sedge,0,0.0032258064516129032
Control,2,13,False,False,True,Small Tufted grass/sedge,3,0.0
Control,2,13,False,False,True,Small Tufted grass/sedge,6,0.0
Control,2,14,False,False,False,Large Forb/Herb,0,0.046511627906976744
Control,2,14,False,False,False,Large Forb/Herb,3,0.09302325581395349
Control,2,14,False,False,False,Large Forb/Herb,6,0.06976744186046512
Control,2,14,False,False,False,Large Tufted grass/sedge,0,0.0
Control,2,14,False,False,False,Large Tufted grass/sedge,3,0.023255813953488372
Control,2,14,False,False,False,Large Tufted grass/sedge,6,0.0
Control,2,14,False,False,False,Medium Forb/Herb,0,0.09302325581395349
Control,2,14,False,False,False,Medium Forb/Herb,3,0.13953488372093023
Control,2,14,False,False,False,Medium Forb/Herb,6,0.09302325581395349
Control,2,14,False,False,False,Medium Tufted grass/sedge,0,0.023255813953488372
Control,2,14,False,False,False,Medium Tufted grass/sedge,3,0.046511627906976744
Control,2,14,False,False,False,Medium Tufted grass/sedge,6,0.023255813953488372
Control,2,14,False,False,False,Non-tufted Ground Fern,0,0.0
Control,2,14,False,False,False,Non-tufted Ground Fern,3,0.046511627906976744
Control,2,14,False,False,False,Non-tufted Ground Fern,6,0.0
Control,2,14,False,False,False,Prostrate or Mat-forming Forb/Herb,0,0.023255813953488372
Control,2,14,False,False,False,Prostrate or Mat-forming Forb/Herb,3,0.023255813953488372
Control,2,14,False,False,False,Prostrate or Mat-forming Forb/Herb,6,0.06976744186046512
Control,2,14,False,False,False,Small Non-tufted grass/sedge,0,0.023255813953488372
Control,2,14,False,False,False,Small Non-tufted grass/sedge,3,0.023255813953488372
Control,2,14,False,False,False,Small Non-tufted grass/sedge,6,0.0
Control,2,14,False,False,False,Small Tufted grass/sedge,0,0.06976744186046512
Control,2,14,False,False,False,Small Tufted grass/sedge,3,0.046511627906976744
Control,2,14,False,False,False,Small Tufted grass/sedge,6,0.023255813953488372
Control,2,14,False,False,True,Large Forb/Herb,0,0.3125
Control,2,14,False,False,True,Large Forb/Herb,3,0.31640625
Control,2,14,False,False,True,Large Forb/Herb,6,0.3125
Control,2,14,False,False,True,Medium Forb/Herb,0,0.00390625
Control,2,14,False,False,True,Medium Forb/Herb,3,0.01171875
Control,2,14,False,False,True,Medium Forb/Herb,6,0.00390625
Control,2,14,False,False,True,Medium Non-tufted grass/sedge,0,0.00390625
Control,2,14,False,False,True,Medium Non-tufted grass/sedge,3,0.0078125
Control,2,14,False,False,True,Medium Non-tufted grass/sedge,6,0.00390625
Control,2,14,False,False,True,Prostrate or Mat-forming Forb/Herb,0,0.0078125
Control,2,14,False,False,True,Prostrate or Mat-forming Forb/Herb,3,0.0078125
Control,2,14,False,False,True,Prostrate or Mat-forming Forb/Herb,6,0.00390625
Control,2,14,False,False,True,Small Tufted grass/sedge,0,0.0
Control,2,14,False,False,True,Small Tufted grass/sedge,3,0.0
Control,2,14,False,False,True,Small Tufted grass/sedge,6,0.00390625
Control,2,15,False,False,False,Large Forb/Herb,0,0.05
Control,2,15,False,False,False,Large Forb/Herb,3,0.25
Control,2,15,False,False,False,Large Forb/Herb,6,0.05
Control,2,15,False,False,False,Medium Forb/Herb,0,0.05
Control,2,15,False,False,False,Medium Forb/Herb,3,0.05
Control,2,15,False,False,False,Medium Forb/Herb,6,0.125
Control,2,15,False,False,False,Medium Tufted grass/sedge,0,0.025
Control,2,15,False,False,False,Medium Tufted grass/sedge,3,0.05
Control,2,15,False,False,False,Medium Tufted grass/sedge,6,0.05
Control,2,15,False,False,False,Non-tufted Ground Fern,0,0.0
Control,2,15,False,False,False,Non-tufted Ground Fern,3,0.05
Control,2,15,False,False,False,Non-tufted Ground Fern,6,0.025
Control,2,15,False,False,False,Prostrate or Mat-forming Forb/Herb,0,0.0
Control,2,15,False,False,False,Prostrate or Mat-forming Forb/Herb,3,0.025
Control,2,15,False,False,False,Prostrate or Mat-forming Forb/Herb,6,0.025
Control,2,15,False,False,False,Small Non-tufted grass/sedge,0,0.025
Control,2,15,False,False,False,Small Non-tufted grass/sedge,3,0.05
Control,2,15,False,False,False,Small Non-tufted grass/sedge,6,0.025
Control,2,15,False,False,False,Small Tufted grass/sedge,0,0.025
Control,2,15,False,False,False,Small Tufted grass/sedge,3,0.025
Control,2,15,False,False,False,Small Tufted grass/sedge,6,0.025
Control,2,15,False,False,True,Climber,0,0.0
Control,2,15,False,False,True,Climber,3,0.013513513513513514
Control,2,15,False,False,True,Climber,6,0.0
Control,2,15,False,False,True,Large Forb/Herb,0,0.02702702702702703
Control,2,15,False,False,True,Large Forb/Herb,3,0.2702702702702703
Control,2,15,False,False,True,Large Forb/Herb,6,0.5405405405405406
Control,2,15,False,False,True,Medium Forb/Herb,0,0.02702702702702703
Control,2,15,False,False,True,Medium Forb/Herb,3,0.02702702702702703
Control,2,15,False,False,True,Medium Forb/Herb,6,0.02702702702702703
Control,2,15,False,False,True,Medium Non-tufted grass/sedge,0,0.013513513513513514
Control,2,15,False,False,True,Medium Non-tufted grass/sedge,3,0.013513513513513514
Control,2,15,False,False,True,Medium Non-tufted grass/sedge,6,0.02702702702702703
Control,2,15,False,False,True,Small Tufted grass/sedge,0,0.0
Control,2,15,False,False,True,Small Tufted grass/sedge,3,0.0
Control,2,15,False,False,True,Small Tufted grass/sedge,6,0.013513513513513514
Control,2,16,False,False,False,Large Forb/Herb,0,0.06818181818181818
Control,2,16,False,False,False,Large Forb/Herb,3,0.06818181818181818
Control,2,16,False,False,False,Large Forb/Herb,6,0.045454545454545456
Control,2,16,False,False,False,Medium Forb/Herb,0,0.11363636363636363
Control,2,16,False,False,False,Medium Forb/Herb,3,0.09090909090909091
Control,2,16,False,False,False,Medium Forb/Herb,6,0.13636363636363635
Control,2,16,False,False,False,Medium Tufted grass/sedge,0,0.0
Control,2,16,False,False,False,Medium Tufted grass/sedge,3,0.045454545454545456
Control,2,16,False,False,False,Medium Tufted grass/sedge,6,0.022727272727272728
Control,2,16,False,False,False,Non-tufted Ground Fern,0,0.0
Control,2,16,False,False,False,Non-tufted Ground Fern,3,0.22727272727272727
Control,2,16,False,False,False,Non-tufted Ground Fern,6,0.0
Control,2,16,False,False,False,Prostrate or Mat-forming Forb/Herb,0,0.0
Control,2,16,False,False,False,Prostrate or Mat-forming Forb/Herb,3,0.0
Control,2,16,False,False,False,Prostrate or Mat-forming Forb/Herb,6,0.045454545454545456
Control,2,16,False,False,False,Small Non-tufted grass/sedge,0,0.022727272727272728
Control,2,16,False,False,False,Small Non-tufted grass/sedge,3,0.045454545454545456
Control,2,16,False,False,False,Small Non-tufted grass/sedge,6,0.0
Control,2,16,False,False,False,Small Tufted grass/sedge,0,0.06818181818181818
Control,2,16,False,False,False,Small Tufted grass/sedge,3,0.0
Control,2,16,False,False,False,Small Tufted grass/sedge,6,0.0
Control,2,16,False,False,True,Large Forb/Herb,0,0.13157894736842105
Control,2,16,False,False,True,Large Forb/Herb,3,0.5263157894736842
Control,2,16,False,False,True,Large Forb/Herb,6,0.2631578947368421
Control,2,16,False,False,True,Medium Forb/Herb,0,0.0
Control,2,16,False,False,True,Medium Forb/Herb,3,0.0
Control,2,16,False,False,True,Medium Forb/Herb,6,0.013157894736842105
Control,2,16,False,False,True,Medium Non-tufted grass/sedge,0,0.013157894736842105
Control,2,16,False,False,True,Medium Non-tufted grass/sedge,3,0.013157894736842105
Control,2,16,False,False,True,Medium Non-tufted grass/sedge,6,0.013157894736842105
Control,2,16,False,False,True,Prostrate or Mat-forming Forb/Herb,0,0.0
Control,2,16,False,False,True,Prostrate or Mat-forming Forb/Herb,3,0.013157894736842105
Control,2,16,False,False,True,Prostrate or Mat-forming Forb/Herb,6,0.013157894736842105
Control,4,1,False,True,False,Large Forb/Herb,0,0.06349206349206349
Control,4,1,False,True,False,Large Forb/Herb,3,0.031746031746031744
Control,4,1,False,True,False,Large Forb/Herb,6,0.015873015873015872
Control,4,1,False,True,False,Medium Forb/Herb,0,0.06349206349206349
Control,4,1,False,True,False,Medium Forb/Herb,3,0.1746031746031746
Control,4,1,False,True,False,Medium Forb/Herb,6,0.20634920634920634
Control,4,1,False,True,False,Medium Non-tufted grass/sedge,0,0.0
Control,4,1,False,True,False,Medium Non-tufted grass/sedge,3,0.0
Control,4,1,False,True,False,Medium Non-tufted grass/sedge,6,0.015873015873015872
Control,4,1,False,True,False,Medium Tufted grass/sedge,0,0.1746031746031746
Control,4,1,False,True,False,Medium Tufted grass/sedge,3,0.047619047619047616
Control,4,1,False,True,False,Medium Tufted grass/sedge,6,0.0
Control,4,1,False,True,False,Prostrate or Mat-forming Forb/Herb,0,0.015873015873015872
Control,4,1,False,True,False,Prostrate or Mat-forming Forb/Herb,3,0.047619047619047616
Control,4,1,False,True,False,Prostrate or Mat-forming Forb/Herb,6,0.031746031746031744
Control,4,1,False,True,False,Small Non-tufted grass/sedge,0,0.015873015873015872
Control,4,1,False,True,False,Small Non-tufted grass/sedge,3,0.031746031746031744
Control,4,1,False,True,False,Small Non-tufted grass/sedge,6,0.031746031746031744
Control,4,1,False,True,False,Small Tufted grass/sedge,0,0.0
Control,4,1,False,True,False,Small Tufted grass/sedge,3,0.031746031746031744
Control,4,1,False,True,False,Small Tufted grass/sedge,6,0.0
Control,4,1,False,True,True,Climber,0,0.0022371364653243847
Control,4,1,False,True,True,Climber,3,0.0044742729306487695
Control,4,1,False,True,True,Climber,6,0.0
Control,4,1,False,True,True,Large Forb/Herb,0,0.2684563758389262
Control,4,1,False,True,True,Large Forb/Herb,3,0.3579418344519016
Control,4,1,False,True,True,Large Forb/Herb,6,0.2684563758389262
Control,4,1,False,True,True,Medium Forb/Herb,0,0.006711409395973154
Control,4,1,False,True,True,Medium Forb/Herb,3,0.020134228187919462
Control,4,1,False,True,True,Medium Forb/Herb,6,0.011185682326621925
Control,4,1,False,True,True,Medium Non-tufted grass/sedge,0,0.02237136465324385
Control,4,1,False,True,True,Medium Non-tufted grass/sedge,3,0.0022371364653243847
Control,4,1,False,True,True,Medium Non-tufted grass/sedge,6,0.0044742729306487695
Control,4,1,False,True,True,Prostrate or Mat-forming Forb/Herb,0,0.0044742729306487695
Control,4,1,False,True,True,Prostrate or Mat-forming Forb/Herb,3,0.026845637583892617
Control,4,1,False,True,True,Prostrate or Mat-forming Forb/Herb,6,0.0
Control,4,2,False,False,False,Large Forb/Herb,0,0.06
Control,4,2,False,False,False,Large Forb/Herb,3,0.1
Control,4,2,False,False,False,Large Forb/Herb,6,0.0
Control,4,2,False,False,False,Medium Forb/Herb,0,0.12
Control,4,2,False,False,False,Medium Forb/Herb,3,0.12
Control,4,2,False,False,False,Medium Forb/Herb,6,0.02
Control,4,2,False,False,False,Medium Non-tufted grass/sedge,0,0.0
Control,4,2,False,False,False,Medium Non-tufted grass/sedge,3,0.0
Control,4,2,False,False,False,Medium Non-tufted grass/sedge,6,0.04
Control,4,2,False,False,False,Medium Tufted grass/sedge,0,0.02
Control,4,2,False,False,False,Medium Tufted grass/sedge,3,0.04
Control,4,2,False,False,False,Medium Tufted grass/sedge,6,0.02
Control,4,2,False,False,False,Prostrate or Mat-forming Forb/Herb,0,0.02
Control,4,2,False,False,False,Prostrate or Mat-forming Forb/Herb,3,0.06
Control,4,2,False,False,False,Prostrate or Mat-forming Forb/Herb,6,0.04
Control,4,2,False,False,False,Small Non-tufted grass/sedge,0,0.02
Control,4,2,False,False,False,Small Non-tufted grass/sedge,3,0.02
Control,4,2,False,False,False,Small Non-tufted grass/sedge,6,0.02
Control,4,2,False,False,False,Small Tufted grass/sedge,0,0.2
Control,4,2,False,False,False,Small Tufted grass/sedge,3,0.08
Control,4,2,False,False,False,Small Tufted grass/sedge,6,0.0
Control,4,2,False,False,True,Climber,0,0.0
Control,4,2,False,False,True,Climber,3,0.0
Control,4,2,False,False,True,Climber,6,0.005988023952095809
Control,4,2,False,False,True,Large Forb/Herb,0,0.11976047904191617
Control,4,2,False,False,True,Large Forb/Herb,3,0.3592814371257485
Control,4,2,False,False,True,Large Forb/Herb,6,0.3592814371257485
Control,4,2,False,False,True,Medium Forb/Herb,0,0.017964071856287425
Control,4,2,False,False,True,Medium Forb/Herb,3,0.08982035928143713
Control,4,2,False,False,True,Medium Forb/Herb,6,0.011976047904191617
Control,4,2,False,False,True,Medium Non-tufted grass/sedge,0,0.005988023952095809
Control,4,2,False,False,True,Medium Non-tufted grass/sedge,3,0.011976047904191617
Control,4,2,False,False,True,Medium Non-tufted grass/sedge,6,0.005988023952095809
Control,4,2,False,False,True,Prostrate or Mat-forming Forb/Herb,0,0.005988023952095809
Control,4,2,False,False,True,Prostrate or Mat-forming Forb/Herb,3,0.005988023952095809
Control,4,2,False,False,True,Prostrate or Mat-forming Forb/Herb,6,0.0
Control,4,3,False,True,False,Large Forb/Herb,0,0.1
Control,4,3,False,True,False,Large Forb/Herb,3,0.13333333333333333
Control,4,3,False,True,False,Large Forb/Herb,6,0.0
Control,4,3,False,True,False,Medium Forb/Herb,0,0.0
Control,4,3,False,True,False,Medium Forb/Herb,3,0.1
Control,4,3,False,True,False,Medium Forb/Herb,6,0.06666666666666667
Control,4,3,False,True,False,Medium Tufted grass/sedge,0,0.06666666666666667
Control,4,3,False,True,False,Medium Tufted grass/sedge,3,0.06666666666666667
Control,4,3,False,True,False,Medium Tufted grass/sedge,6,0.0
Control,4,3,False,True,False,Prostrate or Mat-forming Forb/Herb,0,0.0
Control,4,3,False,True,False,Prostrate or Mat-forming Forb/Herb,3,0.13333333333333333
Control,4,3,False,True,False,Prostrate or Mat-forming Forb/Herb,6,0.03333333333333333
Control,4,3,False,True,False,Small Non-tufted grass/sedge,0,0.03333333333333333
Control,4,3,False,True,False,Small Non-tufted grass/sedge,3,0.06666666666666667
Control,4,3,False,True,False,Small Non-tufted grass/sedge,6,0.0
Control,4,3,False,True,False,Small Tufted grass/sedge,0,0.03333333333333333
Control,4,3,False,True,False,Small Tufted grass/sedge,3,0.1
Control,4,3,False,True,False,Small Tufted grass/sedge,6,0.06666666666666667
Control,4,3,False,True,True,Climber,0,0.0
Control,4,3,False,True,True,Climber,3,0.0021691973969631237
Control,4,3,False,True,True,Climber,6,0.0
Control,4,3,False,True,True,Large Forb/Herb,0,0.2603036876355748
Control,4,3,False,True,True,Large Forb/Herb,3,0.39045553145336226
Control,4,3,False,True,True,Large Forb/Herb,6,0.2603036876355748
Control,4,3,False,True,True,Medium Forb/Herb,0,0.008676789587852495
Control,4,3,False,True,True,Medium Forb/Herb,3,0.013015184381778741
Control,4,3,False,True,True,Medium Forb/Herb,6,0.006507592190889371
Control,4,3,False,True,True,Medium Non-tufted grass/sedge,0,0.021691973969631236
Control,4,3,False,True,True,Medium Non-tufted grass/sedge,3,0.0021691973969631237
Control,4,3,False,True,True,Medium Non-tufted grass/sedge,6,0.0021691973969631237
Control,4,3,False,True,True,Prostrate or Mat-forming Forb/Herb,0,0.004338394793926247
Control,4,3,False,True,True,Prostrate or Mat-forming Forb/Herb,3,0.026030368763557483
Control,4,3,False,True,True,Prostrate or Mat-forming Forb/Herb,6,0.0021691973969631237
Control,4,4,False,True,False,Large Forb/Herb,0,0.038461538461538464
Control,4,4,False,True,False,Large Forb/Herb,3,0.038461538461538464
Control,4,4,False,True,False,Large Forb/Herb,6,0.01282051282051282
Control,4,4,False,True,False,Medium Forb/Herb,0,0.05128205128205128
Control,4,4,False,True,False,Medium Forb/Herb,3,0.07692307692307693
Control,4,4,False,True,False,Medium Forb/Herb,6,0.5641025641025641
Control,4,4,False,True,False,Prostrate or Mat-forming Forb/Herb,0,0.01282051282051282
Control,4,4,False,True,False,Prostrate or Mat-forming Forb/Herb,3,0.02564102564102564
Control,4,4,False,True,False,Prostrate or Mat-forming Forb/Herb,6,0.02564102564102564
Control,4,4,False,True,False,Small Non-tufted grass/sedge,0,0.01282051282051282
Control,4,4,False,True,False,Small Non-tufted grass/sedge,3,0.01282051282051282
Control,4,4,False,True,False,Small Non-tufted grass/sedge,6,0.01282051282051282
Control,4,4,False,True,False,Small Shrub,0,0.0
Control,4,4,False,True,False,Small Shrub,3,0.01282051282051282
Control,4,4,False,True,False,Small Shrub,6,0.0
Control,4,4,False,True,False,Small Tufted grass/sedge,0,0.02564102564102564
Control,4,4,False,True,False,Small Tufted grass/sedge,3,0.0641025641025641
Control,4,4,False,True,False,Small Tufted grass/sedge,6,0.01282051282051282
Control,4,4,False,True,True,Climber,0,0.0
Control,4,4,False,True,True,Climber,3,0.0038910505836575876
Control,4,4,False,True,True,Climber,6,0.0
Control,4,4,False,True,True,Large Forb/Herb,0,0.1556420233463035
Control,4,4,False,True,True,Large Forb/Herb,3,0.38910505836575876
Control,4,4,False,True,True,Large Forb/Herb,6,0.311284046692607
Control,4,4,False,True,True,Medium Forb/Herb,0,0.007782101167315175
Control,4,4,False,True,True,Medium Forb/Herb,3,0.023346303501945526
Control,4,4,False,True,True,Medium Forb/Herb,6,0.0038910505836575876
Control,4,4,False,True,True,Medium Non-tufted grass/sedge,0,0.0
Control,4,4,False,True,True,Medium Non-tufted grass/sedge,3,0.011673151750972763
Control,4,4,False,True,True,Medium Non-tufted grass/sedge,6,0.0038910505836575876
Control,4,4,False,True,True,Prostrate Shrub,0,0.0
Control,4,4,False,True,True,Prostrate Shrub,3,0.0038910505836575876
Control,4,4,False,True,True,Prostrate Shrub,6,0.0
Control,4,4,False,True,True,Prostrate or Mat-forming Forb/Herb,0,0.038910505836575876
Control,4,4,False,True,True,Prostrate or Mat-forming Forb/Herb,3,0.042801556420233464
Control,4,4,False,True,True,Prostrate or Mat-forming Forb/Herb,6,0.0038910505836575876
Control,4,5,False,True,False,Large Forb/Herb,0,0.09615384615384616
Control,4,5,False,True,False,Large Forb/Herb,3,0.07692307692307693
Control,4,5,False,True,False,Large Forb/Herb,6,0.019230769230769232
Control,4,5,False,True,False,Medium Forb/Herb,0,0.09615384615384616
Control,4,5,False,True,False,Medium Forb/Herb,3,0.15384615384615385
Control,4,5,False,True,False,Medium Forb/Herb,6,0.019230769230769232
Control,4,5,False,True,False,Medium Tufted grass/sedge,0,0.21153846153846154
Control,4,5,False,True,False,Medium Tufted grass/sedge,3,0.038461538461538464
Control,4,5,False,True,False,Medium Tufted grass/sedge,6,0.0
Control,4,5,False,True,False,Non-tufted Ground Fern,0,0.019230769230769232
Control,4,5,False,True,False,Non-tufted Ground Fern,3,0.019230769230769232
Control,4,5,False,True,False,Non-tufted Ground Fern,6,0.0
Control,4,5,False,True,False,Prostrate or Mat-forming Forb/Herb,0,0.019230769230769232
Control,4,5,False,True,False,Prostrate or Mat-forming Forb/Herb,3,0.057692307692307696
Control,4,5,False,True,False,Prostrate or Mat-forming Forb/Herb,6,0.038461538461538464
Control,4,5,False,True,False,Small Non-tufted grass/sedge,0,0.019230769230769232
Control,4,5,False,True,False,Small Non-tufted grass/sedge,3,0.019230769230769232
Control,4,5,False,True,False,Small Non-tufted grass/sedge,6,0.0
Control,4,5,False,True,False,Small Tufted grass/sedge,0,0.038461538461538464
Control,4,5,False,True,False,Small Tufted grass/sedge,3,0.057692307692307696
Control,4,5,False,True,False,Small Tufted grass/sedge,6,0.0
Control,4,5,False,True,True,Climber,0,0.002898550724637681
Control,4,5,False,True,True,Climber,3,0.008695652173913044
Control,4,5,False,True,True,Climber,6,0.002898550724637681
Control,4,5,False,True,True,Large Forb/Herb,0,0.2318840579710145
Control,4,5,False,True,True,Large Forb/Herb,3,0.4057971014492754
Control,4,5,False,True,True,Large Forb/Herb,6,0.2898550724637681
Control,4,5,False,True,True,Medium Forb/Herb,0,0.011594202898550725
Control,4,5,False,True,True,Medium Forb/Herb,3,0.02318840579710145
Control,4,5,False,True,True,Medium Forb/Herb,6,0.008695652173913044
Control,4,5,False,True,True,Medium Non-tufted grass/sedge,0,0.002898550724637681
Control,4,5,False,True,True,Medium Non-tufted grass/sedge,3,0.0
Control,4,5,False,True,True,Medium Non-tufted grass/sedge,6,0.002898550724637681
Control,4,5,False,True,True,Prostrate Shrub,0,0.0
Control,4,5,False,True,True,Prostrate Shrub,3,0.002898550724637681
Control,4,5,False,True,True,Prostrate Shrub,6,0.0
Control,4,5,False,True,True,Prostrate or Mat-forming Forb/Herb,0,0.002898550724637681
Control,4,5,False,True,True,Prostrate or Mat-forming Forb/Herb,3,0.0
Control,4,5,False,True,True,Prostrate or Mat-forming Forb/Herb,6,0.0
Control,4,5,False,True,True,Small Tufted grass/sedge,0,0.0
Control,4,5,False,True,True,Small Tufted grass/sedge,3,0.0
Control,4,5,False,True,True,Small Tufted grass/sedge,6,0.002898550724637681
Control,4,6,False,True,False,Large Forb/Herb,0,0.057692307692307696
Control,4,6,False,True,False,Large Forb/Herb,3,0.1346153846153846
Control,4,6,False,True,False,Large Forb/Herb,6,0.057692307692307696
Control,4,6,False,True,False,Medium Forb/Herb,0,0.07692307692307693
Control,4,6,False,True,False,Medium Forb/Herb,3,0.15384615384615385
Control,4,6,False,True,False,Medium Forb/Herb,6,0.038461538461538464
Control,4,6,False,True,False,Medium Tufted grass/sedge,0,0.038461538461538464
Control,4,6,False,True,False,Medium Tufted grass/sedge,3,0.038461538461538464
Control,4,6,False,True,False,Medium Tufted grass/sedge,6,0.0
Control,4,6,False,True,False,Non-tufted Ground Fern,0,0.019230769230769232
Control,4,6,False,True,False,Non-tufted Ground Fern,3,0.038461538461538464
Control,4,6,False,True,False,Non-tufted Ground Fern,6,0.0
Control,4,6,False,True,False,Prostrate or Mat-forming Forb/Herb,0,0.019230769230769232
Control,4,6,False,True,False,Prostrate or Mat-forming Forb/Herb,3,0.057692307692307696
Control,4,6,False,True,False,Prostrate or Mat-forming Forb/Herb,6,0.038461538461538464
Control,4,6,False,True,False,Small Non-tufted grass/sedge,0,0.019230769230769232
Control,4,6,False,True,False,Small Non-tufted grass/sedge,3,0.057692307692307696
Control,4,6,False,True,False,Small Non-tufted grass/sedge,6,0.019230769230769232
Control,4,6,False,True,False,Small Tufted grass/sedge,0,0.019230769230769232
Control,4,6,False,True,False,Small Tufted grass/sedge,3,0.07692307692307693
Control,4,6,False,True,False,Small Tufted grass/sedge,6,0.038461538461538464
Control,4,6,False,True,True,Climber,0,0.0
Control,4,6,False,True,True,Climber,3,0.0031446540880503146
Control,4,6,False,True,True,Climber,6,0.0
Control,4,6,False,True,True,Large Forb/Herb,0,0.25157232704402516
Control,4,6,False,True,True,Large Forb/Herb,3,0.25471698113207547
Control,4,6,False,True,True,Large Forb/Herb,6,0.44025157232704404
Control,4,6,False,True,True,Medium Forb/Herb,0,0.0031446540880503146
Control,4,6,False,True,True,Medium Forb/Herb,3,0.018867924528301886
Control,4,6,False,True,True,Medium Forb/Herb,6,0.006289308176100629
Control,4,6,False,True,True,Medium Non-tufted grass/sedge,0,0.0031446540880503146
Control,4,6,False,True,True,Medium Non-tufted grass/sedge,3,0.006289308176100629
Control,4,6,False,True,True,Medium Non-tufted grass/sedge,6,0.0
Control,4,6,False,True,True,Prostrate or Mat-forming Forb/Herb,0,0.0031446540880503146
Control,4,6,False,True,True,Prostrate or Mat-forming Forb/Herb,3,0.006289308176100629
Control,4,6,False,True,True,Prostrate or Mat-forming Forb/Herb,6,0.0031446540880503146
Control,4,7,False,False,False,Large Forb/Herb,0,0.08333333333333333
Control,4,7,False,False,False,Large Forb/Herb,3,0.16666666666666666
Control,4,7,False,False,False,Large Forb/Herb,6,0.0625
Control,4,7,False,False,False,Large Tufted grass/sedge,0,0.020833333333333332
Control,4,7,False,False,False,Large Tufted grass/sedge,3,0.020833333333333332
Control,4,7,False,False,False,Large Tufted grass/sedge,6,0.0
Control,4,7,False,False,False,Medium Forb/Herb,0,0.020833333333333332
Control,4,7,False,False,False,Medium Forb/Herb,3,0.16666666666666666
Control,4,7,False,False,False,Medium Forb/Herb,6,0.0625
Control,4,7,False,False,False,Medium Tufted grass/sedge,0,0.020833333333333332
Control,4,7,False,False,False,Medium Tufted grass/sedge,3,0.0625
Control,4,7,False,False,False,Medium Tufted grass/sedge,6,0.0
Control,4,7,False,False,False,Prostrate or Mat-forming Forb/Herb,0,0.0
Control,4,7,False,False,False,Prostrate or Mat-forming Forb/Herb,3,0.08333333333333333
Control,4,7,False,False,False,Prostrate or Mat-forming Forb/Herb,6,0.020833333333333332
Control,4,7,False,False,False,Small Non-tufted grass/sedge,0,0.0
Control,4,7,False,False,False,Small Non-tufted grass/sedge,3,0.08333333333333333
Control,4,7,False,False,False,Small Non-tufted grass/sedge,6,0.041666666666666664
Control,4,7,False,False,False,Small Tufted grass/sedge,0,0.020833333333333332
Control,4,7,False,False,False,Small Tufted grass/sedge,3,0.041666666666666664
Control,4,7,False,False,False,Small Tufted grass/sedge,6,0.020833333333333332
Control,4,7,False,False,True,Climber,0,0.0
Control,4,7,False,False,True,Climber,3,0.00267379679144385
Control,4,7,False,False,True,Climber,6,0.0
Control,4,7,False,False,True,Large Forb/Herb,0,0.21390374331550802
Control,4,7,False,False,True,Large Forb/Herb,3,0.37433155080213903
Control,4,7,False,False,True,Large Forb/Herb,6,0.26737967914438504
Control,4,7,False,False,True,Medium Forb/Herb,0,0.00267379679144385
Control,4,7,False,False,True,Medium Forb/Herb,3,0.008021390374331552
Control,4,7,False,False,True,Medium Forb/Herb,6,0.00267379679144385
Control,4,7,False,False,True,Medium Non-tufted grass/sedge,0,0.00267379679144385
Control,4,7,False,False,True,Medium Non-tufted grass/sedge,3,0.11229946524064172
Control,4,7,False,False,True,Medium Non-tufted grass/sedge,6,0.00267379679144385
Control,4,7,False,False,True,Prostrate or Mat-forming Forb/Herb,0,0.0
Control,4,7,False,False,True,Prostrate or Mat-forming Forb/Herb,3,0.008021390374331552
Control,4,7,False,False,True,Prostrate or Mat-forming Forb/Herb,6,0.00267379679144385
Control,4,8,False,False,False,Large Forb/Herb,0,0.0967741935483871
Control,4,8,False,False,False,Large Forb/Herb,3,0.12903225806451613
Control,4,8,False,False,False,Large Forb/Herb,6,0.06451612903225806
Control,4,8,False,False,False,Medium Forb/Herb,0,0.06451612903225806
Control,4,8,False,False,False,Medium Forb/Herb,3,0.06451612903225806
Control,4,8,False,False,False,Medium Forb/Herb,6,0.0
Control,4,8,False,False,False,Medium Non-tufted grass/sedge,0,0.0
Control,4,8,False,False,False,Medium Non-tufted grass/sedge,3,0.0
Control,4,8,False,False,False,Medium Non-tufted grass/sedge,6,0.03225806451612903
Control,4,8,False,False,False,Medium Tufted grass/sedge,0,0.06451612903225806
Control,4,8,False,False,False,Medium Tufted grass/sedge,3,0.06451612903225806
Control,4,8,False,False,False,Medium Tufted grass/sedge,6,0.0
Control,4,8,False,False,False,Non-tufted Ground Fern,0,0.0
Control,4,8,False,False,False,Non-tufted Ground Fern,3,0.03225806451612903
Control,4,8,False,False,False,Non-tufted Ground Fern,6,0.0
Control,4,8,False,False,False,Prostrate or Mat-forming Forb/Herb,0,0.03225806451612903
Control,4,8,False,False,False,Prostrate or Mat-forming Forb/Herb,3,0.03225806451612903
Control,4,8,False,False,False,Prostrate or Mat-forming Forb/Herb,6,0.06451612903225806
Control,4,8,False,False,False,Small Non-tufted grass/sedge,0,0.03225806451612903
Control,4,8,False,False,False,Small Non-tufted grass/sedge,3,0.06451612903225806
Control,4,8,False,False,False,Small Non-tufted grass/sedge,6,0.0
Control,4,8,False,False,False,Small Tufted grass/sedge,0,0.06451612903225806
Control,4,8,False,False,False,Small Tufted grass/sedge,3,0.06451612903225806
Control,4,8,False,False,False,Small Tufted grass/sedge,6,0.03225806451612903
Control,4,8,False,False,True,Climber,0,0.0036496350364963502
Control,4,8,False,False,True,Climber,3,0.0
Control,4,8,False,False,True,Climber,6,0.0
Control,4,8,False,False,True,Large Forb/Herb,0,0.291970802919708
Control,4,8,False,False,True,Large Forb/Herb,3,0.291970802919708
Control,4,8,False,False,True,Large Forb/Herb,6,0.36496350364963503
Control,4,8,False,False,True,Medium Forb/Herb,0,0.0072992700729927005
Control,4,8,False,False,True,Medium Forb/Herb,3,0.0072992700729927005
Control,4,8,False,False,True,Medium Forb/Herb,6,0.0072992700729927005
Control,4,8,False,False,True,Medium Non-tufted grass/sedge,0,0.0036496350364963502
Control,4,8,False,False,True,Medium Non-tufted grass/sedge,3,0.0036496350364963502
Control,4,8,False,False,True,Medium Non-tufted grass/sedge,6,0.0036496350364963502
Control,4,8,False,False,True,Prostrate or Mat-forming Forb/Herb,0,0.0036496350364963502
Control,4,8,False,False,True,Prostrate or Mat-forming Forb/Herb,3,0.0072992700729927005
Control,4,8,False,False,True,Prostrate or Mat-forming Forb/Herb,6,0.0036496350364963502
Control,4,9,False,True,False,Large Forb/Herb,0,0.09375
Control,4,9,False,True,False,Large Forb/Herb,3,0.09375
Control,4,9,False,True,False,Large Forb/Herb,6,0.03125
Control,4,9,False,True,False,Medium Forb/Herb,0,0.0
Control,4,9,False,True,False,Medium Forb/Herb,3,0.28125
Control,4,9,False,True,False,Medium Forb/Herb,6,0.09375
Control,4,9,False,True,False,Medium Tufted grass/sedge,0,0.0625
Control,4,9,False,True,False,Medium Tufted grass/sedge,3,0.0625
Control,4,9,False,True,False,Medium Tufted grass/sedge,6,0.0
Control,4,9,False,True,False,Prostrate or Mat-forming Forb/Herb,0,0.0
Control,4,9,False,True,False,Prostrate or Mat-forming Forb/Herb,3,0.0625
Control,4,9,False,True,False,Prostrate or Mat-forming Forb/Herb,6,0.03125
Control,4,9,False,True,False,Small Non-tufted grass/sedge,0,0.0
Control,4,9,False,True,False,Small Non-tufted grass/sedge,3,0.03125
Control,4,9,False,True,False,Small Non-tufted grass/sedge,6,0.0
Control,4,9,False,True,False,Small Tufted grass/sedge,0,0.03125
Control,4,9,False,True,False,Small Tufted grass/sedge,3,0.0625
Control,4,9,False,True,False,Small Tufted grass/sedge,6,0.0625
Control,4,9,False,True,True,Climber,0,0.0
Control,4,9,False,True,True,Climber,3,0.007352941176470588
Control,4,9,False,True,True,Climber,6,0.0
Control,4,9,False,True,True,Large Forb/Herb,0,0.29411764705882354
Control,4,9,False,True,True,Large Forb/Herb,3,0.5882352941176471
Control,4,9,False,True,True,Large Forb/Herb,6,0.0
Control,4,9,False,True,True,Medium Forb/Herb,0,0.007352941176470588
Control,4,9,False,True,True,Medium Forb/Herb,3,0.029411764705882353
Control,4,9,False,True,True,Medium Forb/Herb,6,0.022058823529411766
Control,4,9,False,True,True,Medium Non-tufted grass/sedge,0,0.0
Control,4,9,False,True,True,Medium Non-tufted grass/sedge,3,0.022058823529411766
Control,4,9,False,True,True,Medium Non-tufted grass/sedge,6,0.007352941176470588
Control,4,9,False,True,True,Prostrate or Mat-forming Forb/Herb,0,0.0
Control,4,9,False,True,True,Prostrate or Mat-forming Forb/Herb,3,0.014705882352941176
Control,4,9,False,True,True,Prostrate or Mat-forming Forb/Herb,6,0.0
Control,4,9,False,True,True,Small Tufted grass/sedge,0,0.0
Control,4,9,False,True,True,Small Tufted grass/sedge,3,0.0
Control,4,9,False,True,True,Small Tufted grass/sedge,6,0.007352941176470588
Control,4,10,False,True,False,Large Forb/Herb,0,0.09302325581395349
Control,4,10,False,True,False,Large Forb/Herb,3,0.16279069767441862
Control,4,10,False,True,False,Large Forb/Herb,6,0.0
Control,4,10,False,True,False,Medium Forb/Herb,0,0.046511627906976744
Control,4,10,False,True,False,Medium Forb/Herb,3,0.18604651162790697
Control,4,10,False,True,False,Medium Forb/Herb,6,0.046511627906976744
Control,4,10,False,True,False,Medium Tufted grass/sedge,0,0.046511627906976744
Control,4,10,False,True,False,Medium Tufted grass/sedge,3,0.046511627906976744
Control,4,10,False,True,False,Medium Tufted grass/sedge,6,0.0
Control,4,10,False,True,False,Prostrate or Mat-forming Forb/Herb,0,0.023255813953488372
Control,4,10,False,True,False,Prostrate or Mat-forming Forb/Herb,3,0.046511627906976744
Control,4,10,False,True,False,Prostrate or Mat-forming Forb/Herb,6,0.046511627906976744
Control,4,10,False,True,False,Small Non-tufted grass/sedge,0,0.023255813953488372
Control,4,10,False,True,False,Small Non-tufted grass/sedge,3,0.09302325581395349
Control,4,10,False,True,False,Small Non-tufted grass/sedge,6,0.0
Control,4,10,False,True,False,Small Tufted grass/sedge,0,0.023255813953488372
Control,4,10,False,True,False,Small Tufted grass/sedge,3,0.09302325581395349
Control,4,10,False,True,False,Small Tufted grass/sedge,6,0.023255813953488372
Control,4,10,False,True,True,Climber,0,0.0
Control,4,10,False,True,True,Climber,3,0.0
Control,4,10,False,True,True,Climber,6,0.00392156862745098
Control,4,10,False,True,True,Large Forb/Herb,0,0.1568627450980392
Control,4,10,False,True,True,Large Forb/Herb,3,0.27450980392156865
Control,4,10,False,True,True,Large Forb/Herb,6,0.3137254901960784
Control,4,10,False,True,True,Medium Forb/Herb,0,0.011764705882352941
Control,4,10,False,True,True,Medium Forb/Herb,3,0.011764705882352941
Control,4,10,False,True,True,Medium Forb/Herb,6,0.00392156862745098
Control,4,10,False,True,True,Medium Non-tufted grass/sedge,0,0.00392156862745098
Control,4,10,False,True,True,Medium Non-tufted grass/sedge,3,0.1607843137254902
Control,4,10,False,True,True,Medium Non-tufted grass/sedge,6,0.00392156862745098
Control,4,10,False,True,True,Prostrate or Mat-forming Forb/Herb,0,0.0
Control,4,10,False,True,True,Prostrate or Mat-forming Forb/Herb,3,0.043137254901960784
Control,4,10,False,True,True,Prostrate or Mat-forming Forb/Herb,6,0.00392156862745098
Control,4,10,False,True,True,Small Tufted grass/sedge,0,0.0
Control,4,10,False,True,True,Small Tufted grass/sedge,3,0.00392156862745098
Control,4,10,False,True,True,Small Tufted grass/sedge,6,0.00392156862745098
Control,4,11,False,True,False,Climber,0,0.029411764705882353
Control,4,11,False,True,False,Climber,3,0.0
Control,4,11,False,True,False,Climber,6,0.0
Control,4,11,False,True,False,Large Forb/Herb,0,0.08823529411764706
Control,4,11,False,True,False,Large Forb/Herb,3,0.14705882352941177
Control,4,11,False,True,False,Large Forb/Herb,6,0.08823529411764706
Control,4,11,False,True,False,Medium Forb/Herb,0,0.0
Control,4,11,False,True,False,Medium Forb/Herb,3,0.20588235294117646
Control,4,11,False,True,False,Medium Forb/Herb,6,0.058823529411764705
Control,4,11,False,True,False,Medium Tufted grass/sedge,0,0.058823529411764705
Control,4,11,False,True,False,Medium Tufted grass/sedge,3,0.058823529411764705
Control,4,11,False,True,False,Medium Tufted grass/sedge,6,0.029411764705882353
Control,4,11,False,True,False,Prostrate or Mat-forming Forb/Herb,0,0.0
Control,4,11,False,True,False,Prostrate or Mat-forming Forb/Herb,3,0.029411764705882353
Control,4,11,False,True,False,Prostrate or Mat-forming Forb/Herb,6,0.029411764705882353
Control,4,11,False,True,False,Small Non-tufted grass/sedge,0,0.0
Control,4,11,False,True,False,Small Non-tufted grass/sedge,3,0.058823529411764705
Control,4,11,False,True,False,Small Non-tufted grass/sedge,6,0.029411764705882353
Control,4,11,False,True,False,Small Tufted grass/sedge,0,0.029411764705882353
Control,4,11,False,True,False,Small Tufted grass/sedge,3,0.058823529411764705
Control,4,11,False,True,False,Small Tufted grass/sedge,6,0.0
Control,4,11,False,True,True,Climber,0,0.004273504273504274
Control,4,11,False,True,True,Climber,3,0.0
Control,4,11,False,True,True,Climber,6,0.0
Control,4,11,False,True,True,Large Forb/Herb,0,0.2564102564102564
Control,4,11,False,True,True,Large Forb/Herb,3,0.42735042735042733
Control,4,11,False,True,True,Large Forb/Herb,6,0.17094017094017094
Control,4,11,False,True,True,Medium Forb/Herb,0,0.008547008547008548
Control,4,11,False,True,True,Medium Forb/Herb,3,0.017094017094017096
Control,4,11,False,True,True,Medium Forb/Herb,6,0.004273504273504274
Control,4,11,False,True,True,Medium Non-tufted grass/sedge,0,0.004273504273504274
Control,4,11,False,True,True,Medium Non-tufted grass/sedge,3,0.01282051282051282
Control,4,11,False,True,True,Medium Non-tufted grass/sedge,6,0.004273504273504274
Control,4,11,False,True,True,Prostrate or Mat-forming Forb/Herb,0,0.004273504273504274
Control,4,11,False,True,True,Prostrate or Mat-forming Forb/Herb,3,0.08547008547008547
Control,4,11,False,True,True,Prostrate or Mat-forming Forb/Herb,6,0.0
Control,4,12,False,False,False,Large Forb/Herb,0,0.04878048780487805
Control,4,12,False,False,False,Large Forb/Herb,3,0.0975609756097561
Control,4,12,False,False,False,Large Forb/Herb,6,0.024390243902439025
Control,4,12,False,False,False,Medium Forb/Herb,0,0.024390243902439025
Control,4,12,False,False,False,Medium Forb/Herb,3,0.17073170731707318
Control,4,12,False,False,False,Medium Forb/Herb,6,0.024390243902439025
Control,4,12,False,False,False,Medium Tufted grass/sedge,0,0.024390243902439025
Control,4,12,False,False,False,Medium Tufted grass/sedge,3,0.0
Control,4,12,False,False,False,Medium Tufted grass/sedge,6,0.0
Control,4,12,False,False,False,Non-tufted Ground Fern,0,0.024390243902439025
Control,4,12,False,False,False,Non-tufted Ground Fern,3,0.04878048780487805
Control,4,12,False,False,False,Non-tufted Ground Fern,6,0.04878048780487805
Control,4,12,False,False,False,Prostrate or Mat-forming Forb/Herb,0,0.0
Control,4,12,False,False,False,Prostrate or Mat-forming Forb/Herb,3,0.024390243902439025
Control,4,12,False,False,False,Prostrate or Mat-forming Forb/Herb,6,0.024390243902439025
Control,4,12,False,False,False,Small Non-tufted grass/sedge,0,0.0
Control,4,12,False,False,False,Small Non-tufted grass/sedge,3,0.24390243902439024
Control,4,12,False,False,False,Small Non-tufted grass/sedge,6,0.024390243902439025
Control,4,12,False,False,False,Small Tufted grass/sedge,0,0.04878048780487805
Control,4,12,False,False,False,Small Tufted grass/sedge,3,0.07317073170731707
Control,4,12,False,False,False,Small Tufted grass/sedge,6,0.024390243902439025
Control,4,12,False,False,True,Climber,0,0.0
Control,4,12,False,False,True,Climber,3,0.006097560975609756
Control,4,12,False,False,True,Climber,6,0.0
Control,4,12,False,False,True,Large Forb/Herb,0,0.36585365853658536
Control,4,12,False,False,True,Large Forb/Herb,3,0.4878048780487805
Control,4,12,False,False,True,Large Forb/Herb,6,0.006097560975609756
Control,4,12,False,False,True,Medium Forb/Herb,0,0.006097560975609756
Control,4,12,False,False,True,Medium Forb/Herb,3,0.024390243902439025
Control,4,12,False,False,True,Medium Forb/Herb,6,0.018292682926829267
Control,4,12,False,False,True,Medium Non-tufted grass/sedge,0,0.006097560975609756
Control,4,12,False,False,True,Medium Non-tufted grass/sedge,3,0.024390243902439025
Control,4,12,False,False,True,Medium Non-tufted grass/sedge,6,0.006097560975609756
Control,4,12,False,False,True,Prostrate or Mat-forming Forb/Herb,0,0.006097560975609756
Control,4,12,False,False,True,Prostrate or Mat-forming Forb/Herb,3,0.012195121951219513
Control,4,12,False,False,True,Prostrate or Mat-forming Forb/Herb,6,0.006097560975609756
Control,4,12,False,False,True,Small Forb/Herb,0,0.0
Control,4,12,False,False,True,Small Forb/Herb,3,0.006097560975609756
Control,4,12,False,False,True,Small Forb/Herb,6,0.0
Control,4,12,False,False,True,Small Tufted grass/sedge,0,0.0
Control,4,12,False,False,True,Small Tufted grass/sedge,3,0.0
Control,4,12,False,False,True,Small Tufted grass/sedge,6,0.006097560975609756
Control,4,12,False,False,True,Tufted Ground Fern,0,0.0
Control,4,12,False,False,True,Tufted Ground Fern,3,0.012195121951219513
Control,4,12,False,False,True,Tufted Ground Fern,6,0.0
Control,4,13,False,True,False,Large Forb/Herb,0,0.037037037037037035
Control,4,13,False,True,False,Large Forb/Herb,3,0.07407407407407407
Control,4,13,False,True,False,Large Forb/Herb,6,0.024691358024691357
Control,4,13,False,True,False,Medium Forb/Herb,0,0.024691358024691357
Control,4,13,False,True,False,Medium Forb/Herb,3,0.07407407407407407
Control,4,13,False,True,False,Medium Forb/Herb,6,0.5308641975308642
Control,4,13,False,True,False,Medium Tufted grass/sedge,0,0.0
Control,4,13,False,True,False,Medium Tufted grass/sedge,3,0.024691358024691357
Control,4,13,False,True,False,Medium Tufted grass/sedge,6,0.0
Control,4,13,False,True,False,Non-tufted Ground Fern,0,0.012345679012345678
Control,4,13,False,True,False,Non-tufted Ground Fern,3,0.024691358024691357
Control,4,13,False,True,False,Non-tufted Ground Fern,6,0.0
Control,4,13,False,True,False,Prostrate or Mat-forming Forb/Herb,0,0.0
Control,4,13,False,True,False,Prostrate or Mat-forming Forb/Herb,3,0.024691358024691357
Control,4,13,False,True,False,Prostrate or Mat-forming Forb/Herb,6,0.024691358024691357
Control,4,13,False,True,False,Small Non-tufted grass/sedge,0,0.0
Control,4,13,False,True,False,Small Non-tufted grass/sedge,3,0.037037037037037035
Control,4,13,False,True,False,Small Non-tufted grass/sedge,6,0.012345679012345678
Control,4,13,False,True,False,Small Tufted grass/sedge,0,0.012345679012345678
Control,4,13,False,True,False,Small Tufted grass/sedge,3,0.06172839506172839
Control,4,13,False,True,False,Small Tufted grass/sedge,6,0.0
Control,4,13,False,True,True,Climber,0,0.0
Control,4,13,False,True,True,Climber,3,0.011494252873563218
Control,4,13,False,True,True,Climber,6,0.0
Control,4,13,False,True,True,Large Forb/Herb,0,0.11494252873563218
Control,4,13,False,True,True,Large Forb/Herb,3,0.8045977011494253
Control,4,13,False,True,True,Large Forb/Herb,6,0.0
Control,4,13,False,True,True,Medium Forb/Herb,0,0.005747126436781609
Control,4,13,False,True,True,Medium Forb/Herb,3,0.017241379310344827
Control,4,13,False,True,True,Medium Forb/Herb,6,0.0
Control,4,13,False,True,True,Medium Non-tufted grass/sedge,0,0.005747126436781609
Control,4,13,False,True,True,Medium Non-tufted grass/sedge,3,0.005747126436781609
Control,4,13,False,True,True,Medium Non-tufted grass/sedge,6,0.005747126436781609
Control,4,13,False,True,True,Prostrate or Mat-forming Forb/Herb,0,0.0
Control,4,13,False,True,True,Prostrate or Mat-forming Forb/Herb,3,0.022988505747126436
Control,4,13,False,True,True,Prostrate or Mat-forming Forb/Herb,6,0.0
Control,4,13,False,True,True,Small Tufted grass/sedge,0,0.0
Control,4,13,False,True,True,Small Tufted grass/sedge,3,0.0
Control,4,13,False,True,True,Small Tufted grass/sedge,6,0.005747126436781609
Control,4,14,False,True,False,Large Forb/Herb,0,0.047619047619047616
Control,4,14,False,True,False,Large Forb/Herb,3,0.2222222222222222
Control,4,14,False,True,False,Large Forb/Herb,6,0.0
Control,4,14,False,True,False,Large Tufted grass/sedge,0,0.0
Control,4,14,False,True,False,Large Tufted grass/sedge,3,0.015873015873015872
Control,4,14,False,True,False,Large Tufted grass/sedge,6,0.0
Control,4,14,False,True,False,Medium Forb/Herb,0,0.06349206349206349
Control,4,14,False,True,False,Medium Forb/Herb,3,0.25396825396825395
Control,4,14,False,True,False,Medium Forb/Herb,6,0.07936507936507936
Control,4,14,False,True,False,Prostrate or Mat-forming Forb/Herb,0,0.015873015873015872
Control,4,14,False,True,False,Prostrate or Mat-forming Forb/Herb,3,0.07936507936507936
Control,4,14,False,True,False,Prostrate or Mat-forming Forb/Herb,6,0.031746031746031744
Control,4,14,False,True,False,Small Non-tufted grass/sedge,0,0.015873015873015872
Control,4,14,False,True,False,Small Non-tufted grass/sedge,3,0.06349206349206349
Control,4,14,False,True,False,Small Non-tufted grass/sedge,6,0.015873015873015872
Control,4,14,False,True,False,Small Tufted grass/sedge,0,0.015873015873015872
Control,4,14,False,True,False,Small Tufted grass/sedge,3,0.06349206349206349
Control,4,14,False,True,False,Small Tufted grass/sedge,6,0.015873015873015872
Control,4,14,False,True,True,Climber,0,0.0
Control,4,14,False,True,True,Climber,3,0.010309278350515464
Control,4,14,False,True,True,Climber,6,0.0
Control,4,14,False,True,True,Large Forb/Herb,0,0.10309278350515463
Control,4,14,False,True,True,Large Forb/Herb,3,0.5154639175257731
Control,4,14,False,True,True,Large Forb/Herb,6,0.20618556701030927
Control,4,14,False,True,True,Medium Forb/Herb,0,0.0
Control,4,14,False,True,True,Medium Forb/Herb,3,0.010309278350515464
Control,4,14,False,True,True,Medium Forb/Herb,6,0.005154639175257732
Control,4,14,False,True,True,Medium Non-tufted grass/sedge,0,0.005154639175257732
Control,4,14,False,True,True,Medium Non-tufted grass/sedge,3,0.05154639175257732
Control,4,14,False,True,True,Medium Non-tufted grass/sedge,6,0.005154639175257732
Control,4,14,False,True,True,Prostrate Shrub,0,0.005154639175257732
Control,4,14,False,True,True,Prostrate Shrub,3,0.0
Control,4,14,False,True,True,Prostrate Shrub,6,0.010309278350515464
Control,4,14,False,True,True,Prostrate or Mat-forming Forb/Herb,0,0.005154639175257732
Control,4,14,False,True,True,Prostrate or Mat-forming Forb/Herb,3,0.05670103092783505
Control,4,14,False,True,True,Prostrate or Mat-forming Forb/Herb,6,0.0
Control,4,14,False,True,True,Small Tufted grass/sedge,0,0.0
Control,4,14,False,True,True,Small Tufted grass/sedge,3,0.005154639175257732
Control,4,14,False,True,True,Small Tufted grass/sedge,6,0.005154639175257732
Control,4,15,False,False,False,Large Forb/Herb,0,0.04878048780487805
Control,4,15,False,False,False,Large Forb/Herb,3,0.14634146341463414
Control,4,15,False,False,False,Large Forb/Herb,6,0.024390243902439025
Control,4,15,False,False,False,Medium Forb/Herb,0,0.04878048780487805
Control,4,15,False,False,False,Medium Forb/Herb,3,0.07317073170731707
Control,4,15,False,False,False,Medium Forb/Herb,6,0.0975609756097561
Control,4,15,False,False,False,Medium Non-tufted grass/sedge,0,0.0
Control,4,15,False,False,False,Medium Non-tufted grass/sedge,3,0.0
Control,4,15,False,False,False,Medium Non-tufted grass/sedge,6,0.024390243902439025
Control,4,15,False,False,False,Medium Tufted grass/sedge,0,0.04878048780487805
Control,4,15,False,False,False,Medium Tufted grass/sedge,3,0.04878048780487805
Control,4,15,False,False,False,Medium Tufted grass/sedge,6,0.024390243902439025
Control,4,15,False,False,False,Non-tufted Ground Fern,0,0.024390243902439025
Control,4,15,False,False,False,Non-tufted Ground Fern,3,0.04878048780487805
Control,4,15,False,False,False,Non-tufted Ground Fern,6,0.024390243902439025
Control,4,15,False,False,False,Prostrate or Mat-forming Forb/Herb,0,0.04878048780487805
Control,4,15,False,False,False,Prostrate or Mat-forming Forb/Herb,3,0.12195121951219512
Control,4,15,False,False,False,Prostrate or Mat-forming Forb/Herb,6,0.04878048780487805
Control,4,15,False,False,False,Small Non-tufted grass/sedge,0,0.024390243902439025
Control,4,15,False,False,False,Small Non-tufted grass/sedge,3,0.024390243902439025
Control,4,15,False,False,False,Small Non-tufted grass/sedge,6,0.0
Control,4,15,False,False,False,Small Tufted grass/sedge,0,0.024390243902439025
Control,4,15,False,False,False,Small Tufted grass/sedge,3,0.024390243902439025
Control,4,15,False,False,False,Small Tufted grass/sedge,6,0.0
Control,4,15,False,False,True,Large Forb/Herb,0,0.3448275862068966
Control,4,15,False,False,True,Large Forb/Herb,3,0.28735632183908044
Control,4,15,False,False,True,Large Forb/Herb,6,0.3448275862068966
Control,4,15,False,False,True,Medium Forb/Herb,0,0.0
Control,4,15,False,False,True,Medium Forb/Herb,3,0.0028735632183908046
Control,4,15,False,False,True,Medium Forb/Herb,6,0.0
Control,4,15,False,False,True,Medium Non-tufted grass/sedge,0,0.0028735632183908046
Control,4,15,False,False,True,Medium Non-tufted grass/sedge,3,0.005747126436781609
Control,4,15,False,False,True,Medium Non-tufted grass/sedge,6,0.0028735632183908046
Control,4,15,False,False,True,Prostrate or Mat-forming Forb/Herb,0,0.0028735632183908046
Control,4,15,False,False,True,Prostrate or Mat-forming Forb/Herb,3,0.005747126436781609
Control,4,15,False,False,True,Prostrate or Mat-forming Forb/Herb,6,0.0
Control,4,16,False,True,False,Large Forb/Herb,0,0.022727272727272728
Control,4,16,False,True,False,Large Forb/Herb,3,0.11363636363636363
Control,4,16,False,True,False,Large Forb/Herb,6,0.022727272727272728
Control,4,16,False,True,False,Medium Forb/Herb,0,0.09090909090909091
Control,4,16,False,True,False,Medium Forb/Herb,3,0.29545454545454547
Control,4,16,False,True,False,Medium Forb/Herb,6,0.09090909090909091
Control,4,16,False,True,False,Prostrate or Mat-forming Forb/Herb,0,0.022727272727272728
Control,4,16,False,True,False,Prostrate or Mat-forming Forb/Herb,3,0.09090909090909091
Control,4,16,False,True,False,Prostrate or Mat-forming Forb/Herb,6,0.045454545454545456
Control,4,16,False,True,False,Small Non-tufted grass/sedge,0,0.0
Control,4,16,False,True,False,Small Non-tufted grass/sedge,3,0.06818181818181818
Control,4,16,False,True,False,Small Non-tufted grass/sedge,6,0.0
Control,4,16,False,True,False,Small Tufted grass/sedge,0,0.045454545454545456
Control,4,16,False,True,False,Small Tufted grass/sedge,3,0.09090909090909091
Control,4,16,False,True,False,Small Tufted grass/sedge,6,0.0
Control,4,16,False,True,True,Climber,0,0.0
Control,4,16,False,True,True,Climber,3,0.006097560975609756
Control,4,16,False,True,True,Climber,6,0.0
Control,4,16,False,True,True,Large Forb/Herb,0,0.24390243902439024
Control,4,16,False,True,True,Large Forb/Herb,3,0.3048780487804878
Control,4,16,False,True,True,Large Forb/Herb,6,0.36585365853658536
Control,4,16,False,True,True,Medium Forb/Herb,0,0.0
Control,4,16,False,True,True,Medium Forb/Herb,3,0.012195121951219513
Control,4,16,False,True,True,Medium Forb/Herb,6,0.0
Control,4,16,False,True,True,Medium Non-tufted grass/sedge,0,0.006097560975609756
Control,4,16,False,True,True,Medium Non-tufted grass/sedge,3,0.018292682926829267
Control,4,16,False,True,True,Medium Non-tufted grass/sedge,6,0.012195121951219513
Control,4,16,False,True,True,Prostrate or Mat-forming Forb/Herb,0,0.006097560975609756
Control,4,16,False,True,True,Prostrate or Mat-forming Forb/Herb,3,0.024390243902439025
Control,4,16,False,True,True,Prostrate or Mat-forming Forb/Herb,6,0.0
Control,4,17,False,False,False,Large Forb/Herb,0,0.029850746268656716
Control,4,17,False,False,False,Large Forb/Herb,3,0.029850746268656716
Control,4,17,False,False,False,Large Forb/Herb,6,0.014925373134328358
Control,4,17,False,False,False,Medium Forb/Herb,0,0.029850746268656716
Control,4,17,False,False,False,Medium Forb/Herb,3,0.029850746268656716
Control,4,17,False,False,False,Medium Forb/Herb,6,0.029850746268656716
Control,4,17,False,False,False,Medium Non-tufted grass/sedge,0,0.0
Control,4,17,False,False,False,Medium Non-tufted grass/sedge,3,0.0
Control,4,17,False,False,False,Medium Non-tufted grass/sedge,6,0.014925373134328358
Control,4,17,False,False,False,Prostrate or Mat-forming Forb/Herb,0,0.0
Control,4,17,False,False,False,Prostrate or Mat-forming Forb/Herb,3,0.014925373134328358
Control,4,17,False,False,False,Prostrate or Mat-forming Forb/Herb,6,0.014925373134328358
Control,4,17,False,False,False,Small Non-tufted grass/sedge,0,0.0
Control,4,17,False,False,False,Small Non-tufted grass/sedge,3,0.014925373134328358
Control,4,17,False,False,False,Small Non-tufted grass/sedge,6,0.0
Control,4,17,False,False,False,Small Tufted grass/sedge,0,0.5970149253731343
Control,4,17,False,False,False,Small Tufted grass/sedge,3,0.16417910447761194
Control,4,17,False,False,False,Small Tufted grass/sedge,6,0.014925373134328358
Control,4,17,False,False,True,Climber,0,0.0
Control,4,17,False,False,True,Climber,3,0.05263157894736842
Control,4,17,False,False,True,Climber,6,0.0
Control,4,17,False,False,True,Large Forb/Herb,0,0.10526315789473684
Control,4,17,False,False,True,Large Forb/Herb,3,0.5263157894736842
Control,4,17,False,False,True,Large Forb/Herb,6,0.0
Control,4,17,False,False,True,Medium Non-tufted grass/sedge,0,0.05263157894736842
Control,4,17,False,False,True,Medium Non-tufted grass/sedge,3,0.0
Control,4,17,False,False,True,Medium Non-tufted grass/sedge,6,0.05263157894736842
Control,4,17,False,False,True,Prostrate or Mat-forming Forb/Herb,0,0.0
Control,4,17,False,False,True,Prostrate or Mat-forming Forb/Herb,3,0.05263157894736842
Control,4,17,False,False,True,Prostrate or Mat-forming Forb/Herb,6,0.05263157894736842
Control,4,17,False,False,True,Small Tufted grass/sedge,0,0.0
Control,4,17,False,False,True,Small Tufted grass/sedge,3,0.0
Control,4,17,False,False,True,Small Tufted grass/sedge,6,0.10526315789473684
Control,4,18,False,False,False,Large Forb/Herb,0,0.08333333333333333
Control,4,18,False,False,False,Large Forb/Herb,3,0.027777777777777776
Control,4,18,False,False,False,Large Forb/Herb,6,0.027777777777777776
Control,4,18,False,False,False,Medium Forb/Herb,0,0.1388888888888889
Control,4,18,False,False,False,Medium Forb/Herb,3,0.16666666666666666
Control,4,18,False,False,False,Medium Forb/Herb,6,0.1388888888888889
Control,4,18,False,False,False,Medium Tufted grass/sedge,0,0.0
Control,4,18,False,False,False,Medium Tufted grass/sedge,3,0.027777777777777776
Control,4,18,False,False,False,Medium Tufted grass/sedge,6,0.027777777777777776
Control,4,18,False,False,False,Prostrate or Mat-forming Forb/Herb,0,0.0
Control,4,18,False,False,False,Prostrate or Mat-forming Forb/Herb,3,0.027777777777777776
Control,4,18,False,False,False,Prostrate or Mat-forming Forb/Herb,6,0.027777777777777776
Control,4,18,False,False,False,Small Non-tufted grass/sedge,0,0.027777777777777776
Control,4,18,False,False,False,Small Non-tufted grass/sedge,3,0.05555555555555555
Control,4,18,False,False,False,Small Non-tufted grass/sedge,6,0.027777777777777776
Control,4,18,False,False,False,Small Tufted grass/sedge,0,0.08333333333333333
Control,4,18,False,False,False,Small Tufted grass/sedge,3,0.1111111111111111
Control,4,18,False,False,False,Small Tufted grass/sedge,6,0.0
Control,4,18,False,False,True,Large Forb/Herb,0,0.3488372093023256
Control,4,18,False,False,True,Large Forb/Herb,3,0.3488372093023256
Control,4,18,False,False,True,Large Forb/Herb,6,0.23255813953488372
Control,4,18,False,False,True,Medium Forb/Herb,0,0.005813953488372093
Control,4,18,False,False,True,Medium Forb/Herb,3,0.011627906976744186
Control,4,18,False,False,True,Medium Forb/Herb,6,0.005813953488372093
Control,4,18,False,False,True,Medium Non-tufted grass/sedge,0,0.005813953488372093
Control,4,18,False,False,True,Medium Non-tufted grass/sedge,3,0.005813953488372093
Control,4,18,False,False,True,Medium Non-tufted grass/sedge,6,0.005813953488372093
Control,4,18,False,False,True,Prostrate or Mat-forming Forb/Herb,0,0.0
Control,4,18,False,False,True,Prostrate or Mat-forming Forb/Herb,3,0.0
Control,4,18,False,False,True,Prostrate or Mat-forming Forb/Herb,6,0.005813953488372093
Control,4,18,False,False,True,Small Tufted grass/sedge,0,0.0
Control,4,18,False,False,True,Small Tufted grass/sedge,3,0.0
Control,4,18,False,False,True,Small Tufted grass/sedge,6,0.005813953488372093
Control,4,18,False,False,True,Tufted Ground Fern,0,0.005813953488372093
Control,4,18,False,False,True,Tufted Ground Fern,3,0.005813953488372093
Control,4,18,False,False,True,Tufted Ground Fern,6,0.005813953488372093
Control,4,19,False,False,False,Large Forb/Herb,0,0.06896551724137931
Control,4,19,False,False,False,Large Forb/Herb,3,0.06896551724137931
Control,4,19,False,False,False,Large Forb/Herb,6,0.06896551724137931
Control,4,19,False,False,False,Medium Forb/Herb,0,0.06896551724137931
Control,4,19,False,False,False,Medium Forb/Herb,3,0.27586206896551724
Control,4,19,False,False,False,Medium Forb/Herb,6,0.13793103448275862
Control,4,19,False,False,False,Prostrate or Mat-forming Forb/Herb,0,0.034482758620689655
Control,4,19,False,False,False,Prostrate or Mat-forming Forb/Herb,3,0.0
Control,4,19,False,False,False,Prostrate or Mat-forming Forb/Herb,6,0.034482758620689655
Control,4,19,False,False,False,Small Non-tufted grass/sedge,0,0.0
Control,4,19,False,False,False,Small Non-tufted grass/sedge,3,0.034482758620689655
Control,4,19,False,False,False,Small Non-tufted grass/sedge,6,0.034482758620689655
Control,4,19,False,False,False,Small Tufted grass/sedge,0,0.06896551724137931
Control,4,19,False,False,False,Small Tufted grass/sedge,3,0.10344827586206896
Control,4,19,False,False,False,Small Tufted grass/sedge,6,0.0
Control,4,19,False,False,True,Large Forb/Herb,0,0.2127659574468085
Control,4,19,False,False,True,Large Forb/Herb,3,0.3191489361702128
Control,4,19,False,False,True,Large Forb/Herb,6,0.425531914893617
Control,4,19,False,False,True,Medium Forb/Herb,0,0.005319148936170213
Control,4,19,False,False,True,Medium Forb/Herb,3,0.005319148936170213
Control,4,19,False,False,True,Medium Forb/Herb,6,0.0
Control,4,19,False,False,True,Medium Non-tufted grass/sedge,0,0.005319148936170213
Control,4,19,False,False,True,Medium Non-tufted grass/sedge,3,0.005319148936170213
Control,4,19,False,False,True,Medium Non-tufted grass/sedge,6,0.005319148936170213
Control,4,19,False,False,True,Prostrate or Mat-forming Forb/Herb,0,0.0
Control,4,19,False,False,True,Prostrate or Mat-forming Forb/Herb,3,0.010638297872340425
Control,4,19,False,False,True,Prostrate or Mat-forming Forb/Herb,6,0.0
Control,4,19,False,False,True,Small Tufted grass/sedge,0,0.0
Control,4,19,False,False,True,Small Tufted grass/sedge,3,0.0
Control,4,19,False,False,True,Small Tufted grass/sedge,6,0.005319148936170213
Control,4,20,False,False,False,Large Forb/Herb,0,0.06382978723404255
Control,4,20,False,False,False,Large Forb/Herb,3,0.0425531914893617
Control,4,20,False,False,False,Large Forb/Herb,6,0.06382978723404255
Control,4,20,False,False,False,Medium Forb/Herb,0,0.06382978723404255
Control,4,20,False,False,False,Medium Forb/Herb,3,0.0851063829787234
Control,4,20,False,False,False,Medium Forb/Herb,6,0.0425531914893617
Control,4,20,False,False,False,Prostrate or Mat-forming Forb/Herb,0,0.0
Control,4,20,False,False,False,Prostrate or Mat-forming Forb/Herb,3,0.02127659574468085
Control,4,20,False,False,False,Prostrate or Mat-forming Forb/Herb,6,0.06382978723404255
Control,4,20,False,False,False,Small Non-tufted grass/sedge,0,0.02127659574468085
Control,4,20,False,False,False,Small Non-tufted grass/sedge,3,0.0425531914893617
Control,4,20,False,False,False,Small Non-tufted grass/sedge,6,0.02127659574468085
Control,4,20,False,False,False,Small Tufted grass/sedge,0,0.2127659574468085
Control,4,20,False,False,False,Small Tufted grass/sedge,3,0.2127659574468085
Control,4,20,False,False,False,Small Tufted grass/sedge,6,0.02127659574468085
Control,4,20,False,False,False,Tiny Tufted grass/sedge,0,0.0
Control,4,20,False,False,False,Tiny Tufted grass/sedge,3,0.0
Control,4,20,False,False,False,Tiny Tufted grass/sedge,6,0.02127659574468085
Control,4,20,False,False,True,Large Forb/Herb,0,0.0
Control,4,20,False,False,True,Large Forb/Herb,3,0.5555555555555556
Control,4,20,False,False,True,Large Forb/Herb,6,0.2777777777777778
Control,4,20,False,False,True,Medium Forb/Herb,0,0.0
Control,4,20,False,False,True,Medium Forb/Herb,3,0.027777777777777776
Control,4,20,False,False,True,Medium Forb/Herb,6,0.013888888888888888
Control,4,20,False,False,True,Medium Non-tufted grass/sedge,0,0.013888888888888888
Control,4,20,False,False,True,Medium Non-tufted grass/sedge,3,0.013888888888888888
Control,4,20,False,False,True,Medium Non-tufted grass/sedge,6,0.013888888888888888
Control,4,20,False,False,True,Prostrate or Mat-forming Forb/Herb,0,0.027777777777777776
Control,4,20,False,False,True,Prostrate or Mat-forming Forb/Herb,3,0.027777777777777776
Control,4,20,False,False,True,Prostrate or Mat-forming Forb/Herb,6,0.013888888888888888
Control,4,20,False,False,True,Small Tufted grass/sedge,0,0.0
Control,4,20,False,False,True,Small Tufted grass/sedge,3,0.013888888888888888
Control,4,20,False,False,True,Small Tufted grass/sedge,6,0.0
Control,4,21,False,False,False,Large Forb/Herb,0,0.16666666666666666
Control,4,21,False,False,False,Large Forb/Herb,3,0.03333333333333333
Control,4,21,False,False,False,Large Forb/Herb,6,0.06666666666666667
Control,4,21,False,False,False,Large Tufted grass/sedge,0,0.03333333333333333
Control,4,21,False,False,False,Large Tufted grass/sedge,3,0.0
Control,4,21,False,False,False,Large Tufted grass/sedge,6,0.0
Control,4,21,False,False,False,Medium Forb/Herb,0,0.13333333333333333
Control,4,21,False,False,False,Medium Forb/Herb,3,0.16666666666666666
Control,4,21,False,False,False,Medium Forb/Herb,6,0.16666666666666666
Control,4,21,False,False,False,Prostrate or Mat-forming Forb/Herb,0,0.0
Control,4,21,False,False,False,Prostrate or Mat-forming Forb/Herb,3,0.03333333333333333
Control,4,21,False,False,False,Prostrate or Mat-forming Forb/Herb,6,0.03333333333333333
Control,4,21,False,False,False,Small Non-tufted grass/sedge,0,0.03333333333333333
Control,4,21,False,False,False,Small Non-tufted grass/sedge,3,0.06666666666666667
Control,4,21,False,False,False,Small Non-tufted grass/sedge,6,0.0
Control,4,21,False,False,False,Small Tufted grass/sedge,0,0.03333333333333333
Control,4,21,False,False,False,Small Tufted grass/sedge,3,0.03333333333333333
Control,4,21,False,False,False,Small Tufted grass/sedge,6,0.0
Control,4,21,False,False,True,Climber,0,0.0
Control,4,21,False,False,True,Climber,3,0.006211180124223602
Control,4,21,False,False,True,Climber,6,0.0
Control,4,21,False,False,True,Large Forb/Herb,0,0.4968944099378882
Control,4,21,False,False,True,Large Forb/Herb,3,0.0
Control,4,21,False,False,True,Large Forb/Herb,6,0.37267080745341613
Control,4,21,False,False,True,Medium Forb/Herb,0,0.006211180124223602
Control,4,21,False,False,True,Medium Forb/Herb,3,0.006211180124223602
Control,4,21,False,False,True,Medium Forb/Herb,6,0.012422360248447204
Control,4,21,False,False,True,Medium Non-tufted grass/sedge,0,0.062111801242236024
Control,4,21,False,False,True,Medium Non-tufted grass/sedge,3,0.012422360248447204
Control,4,21,False,False,True,Medium Non-tufted grass/sedge,6,0.006211180124223602
Control,4,21,False,False,True,Prostrate or Mat-forming Forb/Herb,0,0.0
Control,4,21,False,False,True,Prostrate or Mat-forming Forb/Herb,3,0.012422360248447204
Control,4,21,False,False,True,Prostrate or Mat-forming Forb/Herb,6,0.0
Control,4,21,False,False,True,Small Tufted grass/sedge,0,0.0
Control,4,21,False,False,True,Small Tufted grass/sedge,3,0.0
Control,4,21,False,False,True,Small Tufted grass/sedge,6,0.006211180124223602
Control,4,22,False,False,False,Large Forb/Herb,0,0.13043478260869565
Control,4,22,False,False,False,Large Forb/Herb,3,0.08695652173913043
Control,4,22,False,False,False,Large Forb/Herb,6,0.043478260869565216
Control,4,22,False,False,False,Medium Forb/Herb,0,0.13043478260869565
Control,4,22,False,False,False,Medium Forb/Herb,3,0.08695652173913043
Control,4,22,False,False,False,Medium Forb/Herb,6,0.08695652173913043
Control,4,22,False,False,False,Medium Tufted grass/sedge,0,0.021739130434782608
Control,4,22,False,False,False,Medium Tufted grass/sedge,3,0.043478260869565216
Control,4,22,False,False,False,Medium Tufted grass/sedge,6,0.021739130434782608
Control,4,22,False,False,False,Prostrate or Mat-forming Forb/Herb,0,0.0
Control,4,22,False,False,False,Prostrate or Mat-forming Forb/Herb,3,0.021739130434782608
Control,4,22,False,False,False,Prostrate or Mat-forming Forb/Herb,6,0.021739130434782608
Control,4,22,False,False,False,Small Non-tufted grass/sedge,0,0.021739130434782608
Control,4,22,False,False,False,Small Non-tufted grass/sedge,3,0.0
Control,4,22,False,False,False,Small Non-tufted grass/sedge,6,0.021739130434782608
Control,4,22,False,False,False,Small Tufted grass/sedge,0,0.21739130434782608
Control,4,22,False,False,False,Small Tufted grass/sedge,3,0.043478260869565216
Control,4,22,False,False,False,Small Tufted grass/sedge,6,0.0
Control,4,22,False,False,True,Large Forb/Herb,0,0.3448275862068966
Control,4,22,False,False,True,Large Forb/Herb,3,0.3448275862068966
Control,4,22,False,False,True,Large Forb/Herb,6,0.22988505747126436
Control,4,22,False,False,True,Medium Forb/Herb,0,0.005747126436781609
Control,4,22,False,False,True,Medium Forb/Herb,3,0.017241379310344827
Control,4,22,False,False,True,Medium Forb/Herb,6,0.011494252873563218
Control,4,22,False,False,True,Medium Non-tufted grass/sedge,0,0.0
Control,4,22,False,False,True,Medium Non-tufted grass/sedge,3,0.005747126436781609
Control,4,22,False,False,True,Medium Non-tufted grass/sedge,6,0.005747126436781609
Control,4,22,False,False,True,Prostrate or Mat-forming Forb/Herb,0,0.005747126436781609
Control,4,22,False,False,True,Prostrate or Mat-forming Forb/Herb,3,0.011494252873563218
Control,4,22,False,False,True,Prostrate or Mat-forming Forb/Herb,6,0.005747126436781609
Control,4,22,False,False,True,Small Tufted grass/sedge,0,0.0
Control,4,22,False,False,True,Small Tufted grass/sedge,3,0.0
Control,4,22,False,False,True,Small Tufted grass/sedge,6,0.011494252873563218
Control,4,23,False,False,False,Large Forb/Herb,0,0.027777777777777776
Control,4,23,False,False,False,Large Forb/Herb,3,0.05555555555555555
Control,4,23,False,False,False,Large Forb/Herb,6,0.0
Control,4,23,False,False,False,Large Tufted grass/sedge,0,0.013888888888888888
Control,4,23,False,False,False,Large Tufted grass/sedge,3,0.013888888888888888
Control,4,23,False,False,False,Large Tufted grass/sedge,6,0.013888888888888888
Control,4,23,False,False,False,Medium Forb/Herb,0,0.027777777777777776
Control,4,23,False,False,False,Medium Forb/Herb,3,0.041666666666666664
Control,4,23,False,False,False,Medium Forb/Herb,6,0.013888888888888888
Control,4,23,False,False,False,Prostrate or Mat-forming Forb/Herb,0,0.013888888888888888
Control,4,23,False,False,False,Prostrate or Mat-forming Forb/Herb,3,0.027777777777777776
Control,4,23,False,False,False,Prostrate or Mat-forming Forb/Herb,6,0.013888888888888888
Control,4,23,False,False,False,Small Non-tufted grass/sedge,0,0.0
Control,4,23,False,False,False,Small Non-tufted grass/sedge,3,0.013888888888888888
Control,4,23,False,False,False,Small Non-tufted grass/sedge,6,0.0
Control,4,23,False,False,False,Small Tufted grass/sedge,0,0.5555555555555556
Control,4,23,False,False,False,Small Tufted grass/sedge,3,0.1527777777777778
Control,4,23,False,False,False,Small Tufted grass/sedge,6,0.013888888888888888
Control,4,23,False,False,True,Large Forb/Herb,0,0.18181818181818182
Control,4,23,False,False,True,Large Forb/Herb,3,0.36363636363636365
Control,4,23,False,False,True,Large Forb/Herb,6,0.36363636363636365
Control,4,23,False,False,True,Medium Forb/Herb,0,0.0
Control,4,23,False,False,True,Medium Forb/Herb,3,0.03636363636363636
Control,4,23,False,False,True,Medium Forb/Herb,6,0.0
Control,4,23,False,False,True,Medium Non-tufted grass/sedge,0,0.01818181818181818
Control,4,23,False,False,True,Medium Non-tufted grass/sedge,3,0.01818181818181818
Control,4,23,False,False,True,Medium Non-tufted grass/sedge,6,0.0
Control,4,23,False,False,True,Small Tufted grass/sedge,0,0.0
Control,4,23,False,False,True,Small Tufted grass/sedge,3,0.0
Control,4,23,False,False,True,Small Tufted grass/sedge,6,0.01818181818181818
Control,4,24,False,False,False,Large Forb/Herb,0,0.047619047619047616
Control,4,24,False,False,False,Large Forb/Herb,3,0.14285714285714285
Control,4,24,False,False,False,Large Forb/Herb,6,0.047619047619047616
Control,4,24,False,False,False,Medium Forb/Herb,0,0.0
Control,4,24,False,False,False,Medium Forb/Herb,3,0.19047619047619047
Control,4,24,False,False,False,Medium Forb/Herb,6,0.09523809523809523
Control,4,24,False,False,False,Medium Tufted grass/sedge,0,0.047619047619047616
Control,4,24,False,False,False,Medium Tufted grass/sedge,3,0.0
Control,4,24,False,False,False,Medium Tufted grass/sedge,6,0.0
Control,4,24,False,False,False,Non-tufted Ground Fern,0,0.047619047619047616
Control,4,24,False,False,False,Non-tufted Ground Fern,3,0.047619047619047616
Control,4,24,False,False,False,Non-tufted Ground Fern,6,0.0
Control,4,24,False,False,False,Prostrate or Mat-forming Forb/Herb,0,0.0
Control,4,24,False,False,False,Prostrate or Mat-forming Forb/Herb,3,0.09523809523809523
Control,4,24,False,False,False,Prostrate or Mat-forming Forb/Herb,6,0.09523809523809523
Control,4,24,False,False,False,Small Tufted grass/sedge,0,0.047619047619047616
Control,4,24,False,False,False,Small Tufted grass/sedge,3,0.09523809523809523
Control,4,24,False,False,False,Small Tufted grass/sedge,6,0.0
Control,4,24,False,False,True,Large Forb/Herb,0,0.2247191011235955
Control,4,24,False,False,True,Large Forb/Herb,3,0.449438202247191
Control,4,24,False,False,True,Large Forb/Herb,6,0.2247191011235955
Control,4,24,False,False,True,Medium Forb/Herb,0,0.02247191011235955
Control,4,24,False,False,True,Medium Forb/Herb,3,0.02247191011235955
Control,4,24,False,False,True,Medium Forb/Herb,6,0.011235955056179775
Control,4,24,False,False,True,Prostrate or Mat-forming Forb/Herb,0,0.011235955056179775
Control,4,24,False,False,True,Prostrate or Mat-forming Forb/Herb,3,0.02247191011235955
Control,4,24,False,False,True,Prostrate or Mat-forming Forb/Herb,6,0.0
Control,4,24,False,False,True,Small Tufted grass/sedge,0,0.0
Control,4,24,False,False,True,Small Tufted grass/sedge,3,0.0
Control,4,24,False,False,True,Small Tufted grass/sedge,6,0.011235955056179775
Control,4,25,False,False,False,Large Forb/Herb,0,0.06451612903225806
Control,4,25,False,False,False,Large Forb/Herb,3,0.12903225806451613
Control,4,25,False,False,False,Large Forb/Herb,6,0.06451612903225806
Control,4,25,False,False,False,Medium Forb/Herb,0,0.06451612903225806
Control,4,25,False,False,False,Medium Forb/Herb,3,0.22580645161290322
Control,4,25,False,False,False,Medium Forb/Herb,6,0.12903225806451613
Control,4,25,False,False,False,Prostrate or Mat-forming Forb/Herb,0,0.06451612903225806
Control,4,25,False,False,False,Prostrate or Mat-forming Forb/Herb,3,0.06451612903225806
Control,4,25,False,False,False,Prostrate or Mat-forming Forb/Herb,6,0.12903225806451613
Control,4,25,False,False,False,Small Tufted grass/sedge,0,0.03225806451612903
Control,4,25,False,False,False,Small Tufted grass/sedge,3,0.03225806451612903
Control,4,25,False,False,False,Small Tufted grass/sedge,6,0.0
Control,4,25,False,False,True,Climber,0,0.01098901098901099
Control,4,25,False,False,True,Climber,3,0.01098901098901099
Control,4,25,False,False,True,Climber,6,0.0
Control,4,25,False,False,True,Large Forb/Herb,0,0.32967032967032966
Control,4,25,False,False,True,Large Forb/Herb,3,0.10989010989010989
Control,4,25,False,False,True,Large Forb/Herb,6,0.21978021978021978
Control,4,25,False,False,True,Medium Forb/Herb,0,0.005494505494505495
Control,4,25,False,False,True,Medium Forb/Herb,3,0.0
Control,4,25,False,False,True,Medium Forb/Herb,6,0.01098901098901099
Control,4,25,False,False,True,Medium Non-tufted grass/sedge,0,0.21978021978021978
Control,4,25,False,False,True,Medium Non-tufted grass/sedge,3,0.054945054945054944
Control,4,25,False,False,True,Medium Non-tufted grass/sedge,6,0.005494505494505495
Control,4,25,False,False,True,Prostrate or Mat-forming Forb/Herb,0,0.0
Control,4,25,False,False,True,Prostrate or Mat-forming Forb/Herb,3,0.005494505494505495
Control,4,25,False,False,True,Prostrate or Mat-forming Forb/Herb,6,0.01098901098901099
Control,4,25,False,False,True,Small Tufted grass/sedge,0,0.0
Control,4,25,False,False,True,Small Tufted grass/sedge,3,0.0
Control,4,25,False,False,True,Small Tufted grass/sedge,6,0.005494505494505495
Control,4,26,False,False,False,Large Forb/Herb,0,0.0625
Control,4,26,False,False,False,Large Forb/Herb,3,0.03125
Control,4,26,False,False,False,Large Forb/Herb,6,0.0625
Control,4,26,False,False,False,Medium Forb/Herb,0,0.125
Control,4,26,False,False,False,Medium Forb/Herb,3,0.21875
Control,4,26,False,False,False,Medium Forb/Herb,6,0.15625
Control,4,26,False,False,False,Medium Tufted grass/sedge,0,0.03125
Control,4,26,False,False,False,Medium Tufted grass/sedge,3,0.0
Control,4,26,False,False,False,Medium Tufted grass/sedge,6,0.03125
Control,4,26,False,False,False,Prostrate or Mat-forming Forb/Herb,0,0.0
Control,4,26,False,False,False,Prostrate or Mat-forming Forb/Herb,3,0.03125
Control,4,26,False,False,False,Prostrate or Mat-forming Forb/Herb,6,0.0625
Control,4,26,False,False,False,Small Non-tufted grass/sedge,0,0.03125
Control,4,26,False,False,False,Small Non-tufted grass/sedge,3,0.03125
Control,4,26,False,False,False,Small Non-tufted grass/sedge,6,0.0
Control,4,26,False,False,False,Small Tufted grass/sedge,0,0.0625
Control,4,26,False,False,False,Small Tufted grass/sedge,3,0.0625
Control,4,26,False,False,False,Small Tufted grass/sedge,6,0.0
Control,4,26,False,False,True,Climber,0,0.005555555555555556
Control,4,26,False,False,True,Climber,3,0.011111111111111112
Control,4,26,False,False,True,Climber,6,0.0
Control,4,26,False,False,True,Large Forb/Herb,0,0.2222222222222222
Control,4,26,False,False,True,Large Forb/Herb,3,0.3333333333333333
Control,4,26,False,False,True,Large Forb/Herb,6,0.3333333333333333
Control,4,26,False,False,True,Medium Forb/Herb,0,0.011111111111111112
Control,4,26,False,False,True,Medium Forb/Herb,3,0.022222222222222223
Control,4,26,False,False,True,Medium Forb/Herb,6,0.005555555555555556
Control,4,26,False,False,True,Medium Non-tufted grass/sedge,0,0.011111111111111112
Control,4,26,False,False,True,Medium Non-tufted grass/sedge,3,0.005555555555555556
Control,4,26,False,False,True,Medium Non-tufted grass/sedge,6,0.011111111111111112
Control,4,26,False,False,True,Prostrate or Mat-forming Forb/Herb,0,0.005555555555555556
Control,4,26,False,False,True,Prostrate or Mat-forming Forb/Herb,3,0.0
Control,4,26,False,False,True,Prostrate or Mat-forming Forb/Herb,6,0.005555555555555556
Control,4,26,False,False,True,Small Tufted grass/sedge,0,0.005555555555555556
Control,4,26,False,False,True,Small Tufted grass/sedge,3,0.0
Control,4,26,False,False,True,Small Tufted grass/sedge,6,0.011111111111111112
Control,4,27,False,False,False,Large Forb/Herb,0,0.125
Control,4,27,False,False,False,Large Forb/Herb,3,0.125
Control,4,27,False,False,False,Large Forb/Herb,6,0.125
Control,4,27,False,False,False,Medium Forb/Herb,0,0.1875
Control,4,27,False,False,False,Medium Forb/Herb,3,0.0625
Control,4,27,False,False,False,Medium Forb/Herb,6,0.0625
Control,4,27,False,False,False,Medium Tufted grass/sedge,0,0.0
Control,4,27,False,False,False,Medium Tufted grass/sedge,3,0.0
Control,4,27,False,False,False,Medium Tufted grass/sedge,6,0.03125
Control,4,27,False,False,False,Prostrate or Mat-forming Forb/Herb,0,0.0
Control,4,27,False,False,False,Prostrate or Mat-forming Forb/Herb,3,0.03125
Control,4,27,False,False,False,Prostrate or Mat-forming Forb/Herb,6,0.0625
Control,4,27,False,False,False,Small Non-tufted grass/sedge,0,0.03125
Control,4,27,False,False,False,Small Non-tufted grass/sedge,3,0.03125
Control,4,27,False,False,False,Small Non-tufted grass/sedge,6,0.0
Control,4,27,False,False,False,Small Tufted grass/sedge,0,0.0625
Control,4,27,False,False,False,Small Tufted grass/sedge,3,0.0625
Control,4,27,False,False,False,Small Tufted grass/sedge,6,0.0
Control,4,27,False,False,True,Large Forb/Herb,0,0.3952569169960474
Control,4,27,False,False,True,Large Forb/Herb,3,0.31620553359683795
Control,4,27,False,False,True,Large Forb/Herb,6,0.23715415019762845
Control,4,27,False,False,True,Medium Forb/Herb,0,0.003952569169960474
Control,4,27,False,False,True,Medium Forb/Herb,3,0.011857707509881422
Control,4,27,False,False,True,Medium Forb/Herb,6,0.007905138339920948
Control,4,27,False,False,True,Medium Non-tufted grass/sedge,0,0.007905138339920948
Control,4,27,False,False,True,Medium Non-tufted grass/sedge,3,0.003952569169960474
Control,4,27,False,False,True,Medium Non-tufted grass/sedge,6,0.0
Control,4,27,False,False,True,Prostrate or Mat-forming Forb/Herb,0,0.003952569169960474
Control,4,27,False,False,True,Prostrate or Mat-forming Forb/Herb,3,0.003952569169960474
Control,4,27,False,False,True,Prostrate or Mat-forming Forb/Herb,6,0.003952569169960474
Control,4,27,False,False,True,Small Tufted grass/sedge,0,0.0
Control,4,27,False,False,True,Small Tufted grass/sedge,3,0.0
Control,4,27,False,False,True,Small Tufted grass/sedge,6,0.003952569169960474
Control,4,28,False,False,False,Large Forb/Herb,0,0.2
Control,4,28,False,False,False,Large Forb/Herb,3,0.05
Control,4,28,False,False,False,Large Forb/Herb,6,0.0
Control,4,28,False,False,False,Medium Forb/Herb,0,0.0
Control,4,28,False,False,False,Medium Forb/Herb,3,0.15
Control,4,28,False,False,False,Medium Forb/Herb,6,0.15
Control,4,28,False,False,False,Prostrate or Mat-forming Forb/Herb,0,0.0
Control,4,28,False,False,False,Prostrate or Mat-forming Forb/Herb,3,0.05
Control,4,28,False,False,False,Prostrate or Mat-forming Forb/Herb,6,0.05
Control,4,28,False,False,False,Small Non-tufted grass/sedge,0,0.05
Control,4,28,False,False,False,Small Non-tufted grass/sedge,3,0.1
Control,4,28,False,False,False,Small Non-tufted grass/sedge,6,0.0
Control,4,28,False,False,False,Small Tufted grass/sedge,0,0.05
Control,4,28,False,False,False,Small Tufted grass/sedge,3,0.1
Control,4,28,False,False,False,Small Tufted grass/sedge,6,0.05
Control,4,28,False,False,True,Large Forb/Herb,0,0.18867924528301888
Control,4,28,False,False,True,Large Forb/Herb,3,0.37735849056603776
Control,4,28,False,False,True,Large Forb/Herb,6,0.37735849056603776
Control,4,28,False,False,True,Medium Forb/Herb,0,0.0
Control,4,28,False,False,True,Medium Forb/Herb,3,0.009433962264150943
Control,4,28,False,False,True,Medium Forb/Herb,6,0.009433962264150943
Control,4,28,False,False,True,Medium Non-tufted grass/sedge,0,0.009433962264150943
Control,4,28,False,False,True,Medium Non-tufted grass/sedge,3,0.009433962264150943
Control,4,28,False,False,True,Medium Non-tufted grass/sedge,6,0.009433962264150943
Control,4,28,False,False,True,Small Tufted grass/sedge,0,0.0
Control,4,28,False,False,True,Small Tufted grass/sedge,3,0.0
Control,4,28,False,False,True,Small Tufted grass/sedge,6,0.009433962264150943
Control,4,29,False,False,False,Large Forb/Herb,0,0.10344827586206896
Control,4,29,False,False,False,Large Forb/Herb,3,0.13793103448275862
Control,4,29,False,False,False,Large Forb/Herb,6,0.034482758620689655
Control,4,29,False,False,False,Medium Forb/Herb,0,0.10344827586206896
Control,4,29,False,False,False,Medium Forb/Herb,3,0.2413793103448276
Control,4,29,False,False,False,Medium Forb/Herb,6,0.06896551724137931
Control,4,29,False,False,False,Medium Tufted grass/sedge,0,0.034482758620689655
Control,4,29,False,False,False,Medium Tufted grass/sedge,3,0.034482758620689655
Control,4,29,False,False,False,Medium Tufted grass/sedge,6,0.0
Control,4,29,False,False,False,Prostrate or Mat-forming Forb/Herb,0,0.0
Control,4,29,False,False,False,Prostrate or Mat-forming Forb/Herb,3,0.034482758620689655
Control,4,29,False,False,False,Prostrate or Mat-forming Forb/Herb,6,0.034482758620689655
Control,4,29,False,False,False,Small Non-tufted grass/sedge,0,0.0
Control,4,29,False,False,False,Small Non-tufted grass/sedge,3,0.06896551724137931
Control,4,29,False,False,False,Small Non-tufted grass/sedge,6,0.0
Control,4,29,False,False,False,Small Tufted grass/sedge,0,0.034482758620689655
Control,4,29,False,False,False,Small Tufted grass/sedge,3,0.06896551724137931
Control,4,29,False,False,False,Small Tufted grass/sedge,6,0.0
Control,4,29,False,False,True,Large Forb/Herb,0,0.3007518796992481
Control,4,29,False,False,True,Large Forb/Herb,3,0.015037593984962405
Control,4,29,False,False,True,Large Forb/Herb,6,0.6015037593984962
Control,4,29,False,False,True,Medium Forb/Herb,0,0.007518796992481203
Control,4,29,False,False,True,Medium Forb/Herb,3,0.022556390977443608
Control,4,29,False,False,True,Medium Forb/Herb,6,0.007518796992481203
Control,4,29,False,False,True,Medium Non-tufted grass/sedge,0,0.007518796992481203
Control,4,29,False,False,True,Medium Non-tufted grass/sedge,3,0.0
Control,4,29,False,False,True,Medium Non-tufted grass/sedge,6,0.007518796992481203
Control,4,29,False,False,True,Prostrate or Mat-forming Forb/Herb,0,0.007518796992481203
Control,4,29,False,False,True,Prostrate or Mat-forming Forb/Herb,3,0.007518796992481203
Control,4,29,False,False,True,Prostrate or Mat-forming Forb/Herb,6,0.007518796992481203
Control,4,29,False,False,True,Small Tufted grass/sedge,0,0.0
Control,4,29,False,False,True,Small Tufted grass/sedge,3,0.0
Control,4,29,False,False,True,Small Tufted grass/sedge,6,0.007518796992481203
Control,4,30,False,False,False,Large Forb/Herb,0,0.023809523809523808
Control,4,30,False,False,False,Large Forb/Herb,3,0.047619047619047616
Control,4,30,False,False,False,Large Forb/Herb,6,0.011904761904761904
Control,4,30,False,False,False,Medium Forb/Herb,0,0.03571428571428571
Control,4,30,False,False,False,Medium Forb/Herb,3,0.05952380952380952
Control,4,30,False,False,False,Medium Forb/Herb,6,0.047619047619047616
Control,4,30,False,False,False,Prostrate or Mat-forming Forb/Herb,0,0.0
Control,4,30,False,False,False,Prostrate or Mat-forming Forb/Herb,3,0.011904761904761904
Control,4,30,False,False,False,Prostrate or Mat-forming Forb/Herb,6,0.023809523809523808
Control,4,30,False,False,False,Small Non-tufted grass/sedge,0,0.0
Control,4,30,False,False,False,Small Non-tufted grass/sedge,3,0.23809523809523808
Control,4,30,False,False,False,Small Non-tufted grass/sedge,6,0.0
Control,4,30,False,False,False,Small Tufted grass/sedge,0,0.47619047619047616
Control,4,30,False,False,False,Small Tufted grass/sedge,3,0.011904761904761904
Control,4,30,False,False,False,Small Tufted grass/sedge,6,0.011904761904761904
Control,4,30,False,False,True,Large Forb/Herb,0,0.2222222222222222
Control,4,30,False,False,True,Large Forb/Herb,3,0.2222222222222222
Control,4,30,False,False,True,Large Forb/Herb,6,0.4444444444444444
Control,4,30,False,False,True,Medium Forb/Herb,0,0.0
Control,4,30,False,False,True,Medium Forb/Herb,3,0.022222222222222223
Control,4,30,False,False,True,Medium Forb/Herb,6,0.011111111111111112
Control,4,30,False,False,True,Medium Non-tufted grass/sedge,0,0.011111111111111112
Control,4,30,False,False,True,Medium Non-tufted grass/sedge,3,0.011111111111111112
Control,4,30,False,False,True,Medium Non-tufted grass/sedge,6,0.011111111111111112
Control,4,30,False,False,True,Prostrate or Mat-forming Forb/Herb,0,0.0
Control,4,30,False,False,True,Prostrate or Mat-forming Forb/Herb,3,0.011111111111111112
Control,4,30,False,False,True,Prostrate or Mat-forming Forb/Herb,6,0.011111111111111112
Control,4,30,False,False,True,Small Tufted grass/sedge,0,0.0
Control,4,30,False,False,True,Small Tufted grass/sedge,3,0.0
Control,4,30,False,False,True,Small Tufted grass/sedge,6,0.022222222222222223
Control,4,31,False,False,False,Large Forb/Herb,0,0.06666666666666667
Control,4,31,False,False,False,Large Forb/Herb,3,0.13333333333333333
Control,4,31,False,False,False,Large Forb/Herb,6,0.03333333333333333
Control,4,31,False,False,False,Large Tufted grass/sedge,0,0.06666666666666667
Control,4,31,False,False,False,Large Tufted grass/sedge,3,0.0
Control,4,31,False,False,False,Large Tufted grass/sedge,6,0.0
Control,4,31,False,False,False,Medium Forb/Herb,0,0.1
Control,4,31,False,False,False,Medium Forb/Herb,3,0.1
Control,4,31,False,False,False,Medium Forb/Herb,6,0.1
Control,4,31,False,False,False,Medium Tufted grass/sedge,0,0.03333333333333333
Control,4,31,False,False,False,Medium Tufted grass/sedge,3,0.0
Control,4,31,False,False,False,Medium Tufted grass/sedge,6,0.0
Control,4,31,False,False,False,Prostrate or Mat-forming Forb/Herb,0,0.06666666666666667
Control,4,31,False,False,False,Prostrate or Mat-forming Forb/Herb,3,0.1
Control,4,31,False,False,False,Prostrate or Mat-forming Forb/Herb,6,0.06666666666666667
Control,4,31,False,False,False,Small Non-tufted grass/sedge,0,0.03333333333333333
Control,4,31,False,False,False,Small Non-tufted grass/sedge,3,0.0
Control,4,31,False,False,False,Small Non-tufted grass/sedge,6,0.03333333333333333
Control,4,31,False,False,False,Small Tufted grass/sedge,0,0.03333333333333333
Control,4,31,False,False,False,Small Tufted grass/sedge,3,0.03333333333333333
Control,4,31,False,False,False,Small Tufted grass/sedge,6,0.0
Control,4,31,False,False,True,Climber,0,0.004291845493562232
Control,4,31,False,False,True,Climber,3,0.0
Control,4,31,False,False,True,Climber,6,0.0
Control,4,31,False,False,True,Large Forb/Herb,0,0.2575107296137339
Control,4,31,False,False,True,Large Forb/Herb,3,0.2575107296137339
Control,4,31,False,False,True,Large Forb/Herb,6,0.4291845493562232
Control,4,31,False,False,True,Medium Forb/Herb,0,0.004291845493562232
Control,4,31,False,False,True,Medium Forb/Herb,3,0.004291845493562232
Control,4,31,False,False,True,Medium Forb/Herb,6,0.004291845493562232
Control,4,31,False,False,True,Medium Non-tufted grass/sedge,0,0.008583690987124463
Control,4,31,False,False,True,Medium Non-tufted grass/sedge,3,0.008583690987124463
Control,4,31,False,False,True,Medium Non-tufted grass/sedge,6,0.004291845493562232
Control,4,31,False,False,True,Prostrate or Mat-forming Forb/Herb,0,0.004291845493562232
Control,4,31,False,False,True,Prostrate or Mat-forming Forb/Herb,3,0.008583690987124463
Control,4,31,False,False,True,Prostrate or Mat-forming Forb/Herb,6,0.004291845493562232
Control,4,32,False,False,False,Large Forb/Herb,0,0.17647058823529413
Control,4,32,False,False,False,Large Forb/Herb,3,0.0
Control,4,32,False,False,False,Large Forb/Herb,6,0.11764705882352941
Control,4,32,False,False,False,Medium Forb/Herb,0,0.23529411764705882
Control,4,32,False,False,False,Medium Forb/Herb,3,0.0
Control,4,32,False,False,False,Medium Forb/Herb,6,0.058823529411764705
Control,4,32,False,False,False,Medium Tufted grass/sedge,0,0.17647058823529413
Control,4,32,False,False,False,Medium Tufted grass/sedge,3,0.0
Control,4,32,False,False,False,Medium Tufted grass/sedge,6,0.058823529411764705
Control,4,32,False,False,False,Small Non-tufted grass/sedge,0,0.058823529411764705
Control,4,32,False,False,False,Small Non-tufted grass/sedge,3,0.0
Control,4,32,False,False,False,Small Non-tufted grass/sedge,6,0.0
Control,4,32,False,False,False,Small Tufted grass/sedge,0,0.058823529411764705
Control,4,32,False,False,False,Small Tufted grass/sedge,3,0.0
Control,4,32,False,False,False,Small Tufted grass/sedge,6,0.058823529411764705
Control,4,32,False,False,True,Climber,0,0.011363636363636364
Control,4,32,False,False,True,Climber,3,0.0
Control,4,32,False,False,True,Climber,6,0.0
Control,4,32,False,False,True,Large Forb/Herb,0,0.9090909090909091
Control,4,32,False,False,True,Large Forb/Herb,3,0.0
Control,4,32,False,False,True,Large Forb/Herb,6,0.0
Control,4,32,False,False,True,Medium Forb/Herb,0,0.0
Control,4,32,False,False,True,Medium Forb/Herb,3,0.0
Control,4,32,False,False,True,Medium Forb/Herb,6,0.011363636363636364
Control,4,32,False,False,True,Medium Non-tufted grass/sedge,0,0.011363636363636364
Control,4,32,False,False,True,Medium Non-tufted grass/sedge,3,0.0
Control,4,32,False,False,True,Medium Non-tufted grass/sedge,6,0.022727272727272728
Control,4,32,False,False,True,Prostrate or Mat-forming Forb/Herb,0,0.011363636363636364
Control,4,32,False,False,True,Prostrate or Mat-forming Forb/Herb,3,0.0
Control,4,32,False,False,True,Prostrate or Mat-forming Forb/Herb,6,0.011363636363636364
Control,4,32,False,False,True,Small Tufted grass/sedge,0,0.0
Control,4,32,False,False,True,Small Tufted grass/sedge,3,0.0
Control,4,32,False,False,True,Small Tufted grass/sedge,6,0.011363636363636364
Control,6,1,False,False,False,Large Forb/Herb,0,0.044444444444444446
Control,6,1,False,False,False,Large Forb/Herb,3,0.022222222222222223
Control,6,1,False,False,False,Large Forb/Herb,6,0.0
Control,6,1,False,False,False,Medium Forb/Herb,0,0.06666666666666667
Control,6,1,False,False,False,Medium Forb/Herb,3,0.08888888888888889
Control,6,1,False,False,False,Medium Forb/Herb,6,0.044444444444444446
Control,6,1,False,False,False,Medium Non-tufted grass/sedge,0,0.0
Control,6,1,False,False,False,Medium Non-tufted grass/sedge,3,0.0
Control,6,1,False,False,False,Medium Non-tufted grass/sedge,6,0.044444444444444446
Control,6,1,False,False,False,Medium Tufted grass/sedge,0,0.022222222222222223
Control,6,1,False,False,False,Medium Tufted grass/sedge,3,0.022222222222222223
Control,6,1,False,False,False,Medium Tufted grass/sedge,6,0.022222222222222223
Control,6,1,False,False,False,Non-tufted Ground Fern,0,0.022222222222222223
Control,6,1,False,False,False,Non-tufted Ground Fern,3,0.0
Control,6,1,False,False,False,Non-tufted Ground Fern,6,0.044444444444444446
Control,6,1,False,False,False,Prostrate or Mat-forming Forb/Herb,0,0.06666666666666667
Control,6,1,False,False,False,Prostrate or Mat-forming Forb/Herb,3,0.044444444444444446
Control,6,1,False,False,False,Prostrate or Mat-forming Forb/Herb,6,0.044444444444444446
Control,6,1,False,False,False,Small Non-tufted grass/sedge,0,0.022222222222222223
Control,6,1,False,False,False,Small Non-tufted grass/sedge,3,0.0
Control,6,1,False,False,False,Small Non-tufted grass/sedge,6,0.022222222222222223
Control,6,1,False,False,False,Small Tufted grass/sedge,0,0.06666666666666667
Control,6,1,False,False,False,Small Tufted grass/sedge,3,0.24444444444444444
Control,6,1,False,False,False,Small Tufted grass/sedge,6,0.044444444444444446
Control,6,1,False,False,True,Climber,0,0.0
Control,6,1,False,False,True,Climber,3,0.0033444816053511705
Control,6,1,False,False,True,Climber,6,0.0
Control,6,1,False,False,True,Large Forb/Herb,0,0.26755852842809363
Control,6,1,False,False,True,Large Forb/Herb,3,0.13377926421404682
Control,6,1,False,False,True,Large Forb/Herb,6,0.20066889632107024
Control,6,1,False,False,True,Medium Forb/Herb,0,0.0033444816053511705
Control,6,1,False,False,True,Medium Forb/Herb,3,0.006688963210702341
Control,6,1,False,False,True,Medium Forb/Herb,6,0.0033444816053511705
Control,6,1,False,False,True,Medium Non-tufted grass/sedge,0,0.13377926421404682
Control,6,1,False,False,True,Medium Non-tufted grass/sedge,3,0.033444816053511704
Control,6,1,False,False,True,Medium Non-tufted grass/sedge,6,0.0033444816053511705
Control,6,1,False,False,True,Prostrate or Mat-forming Forb/Herb,0,0.20066889632107024
Control,6,1,False,False,True,Prostrate or Mat-forming Forb/Herb,3,0.0033444816053511705
Control,6,1,False,False,True,Prostrate or Mat-forming Forb/Herb,6,0.0
Control,6,1,False,False,True,Small Tufted grass/sedge,0,0.0
Control,6,1,False,False,True,Small Tufted grass/sedge,3,0.0033444816053511705
Control,6,1,False,False,True,Small Tufted grass/sedge,6,0.0
Control,6,1,False,False,True,Tufted Ground Fern,0,0.0
Control,6,1,False,False,True,Tufted Ground Fern,3,0.0033444816053511705
Control,6,1,False,False,True,Tufted Ground Fern,6,0.0
Control,6,2,False,False,False,Large Forb/Herb,0,0.05263157894736842
Control,6,2,False,False,False,Large Forb/Herb,3,0.02631578947368421
Control,6,2,False,False,False,Large Forb/Herb,6,0.0
Control,6,2,False,False,False,Medium Forb/Herb,0,0.15789473684210525
Control,6,2,False,False,False,Medium Forb/Herb,3,0.13157894736842105
Control,6,2,False,False,False,Medium Forb/Herb,6,0.05263157894736842
Control,6,2,False,False,False,Medium Tufted grass/sedge,0,0.02631578947368421
Control,6,2,False,False,False,Medium Tufted grass/sedge,3,0.05263157894736842
Control,6,2,False,False,False,Medium Tufted grass/sedge,6,0.0
Control,6,2,False,False,False,Non-tufted Ground Fern,0,0.02631578947368421
Control,6,2,False,False,False,Non-tufted Ground Fern,3,0.05263157894736842
Control,6,2,False,False,False,Non-tufted Ground Fern,6,0.05263157894736842
Control,6,2,False,False,False,Prostrate or Mat-forming Forb/Herb,0,0.07894736842105263
Control,6,2,False,False,False,Prostrate or Mat-forming Forb/Herb,3,0.02631578947368421
Control,6,2,False,False,False,Prostrate or Mat-forming Forb/Herb,6,0.07894736842105263
Control,6,2,False,False,False,Small Non-tufted grass/sedge,0,0.0
Control,6,2,False,False,False,Small Non-tufted grass/sedge,3,0.0
Control,6,2,False,False,False,Small Non-tufted grass/sedge,6,0.02631578947368421
Control,6,2,False,False,False,Small Tufted grass/sedge,0,0.10526315789473684
Control,6,2,False,False,False,Small Tufted grass/sedge,3,0.0
Control,6,2,False,False,False,Small Tufted grass/sedge,6,0.05263157894736842
Control,6,2,False,False,True,Climber,0,0.00425531914893617
Control,6,2,False,False,True,Climber,3,0.00425531914893617
Control,6,2,False,False,True,Climber,6,0.00425531914893617
Control,6,2,False,False,True,Large Forb/Herb,0,0.1702127659574468
Control,6,2,False,False,True,Large Forb/Herb,3,0.1702127659574468
Control,6,2,False,False,True,Large Forb/Herb,6,0.3404255319148936
Control,6,2,False,False,True,Medium Forb/Herb,0,0.00425531914893617
Control,6,2,False,False,True,Medium Forb/Herb,3,0.0
Control,6,2,False,False,True,Medium Forb/Herb,6,0.01276595744680851
Control,6,2,False,False,True,Medium Non-tufted grass/sedge,0,0.0851063829787234
Control,6,2,False,False,True,Medium Non-tufted grass/sedge,3,0.0851063829787234
Control,6,2,False,False,True,Medium Non-tufted grass/sedge,6,0.00425531914893617
Control,6,2,False,False,True,Prostrate or Mat-forming Forb/Herb,0,0.0851063829787234
Control,6,2,False,False,True,Prostrate or Mat-forming Forb/Herb,3,0.00851063829787234
Control,6,2,False,False,True,Prostrate or Mat-forming Forb/Herb,6,0.00425531914893617
Control,6,2,False,False,True,Small Forb/Herb,0,0.0
Control,6,2,False,False,True,Small Forb/Herb,3,0.00425531914893617
Control,6,2,False,False,True,Small Forb/Herb,6,0.0
Control,6,2,False,False,True,Small Tufted grass/sedge,0,0.0
Control,6,2,False,False,True,Small Tufted grass/sedge,3,0.00425531914893617
Control,6,2,False,False,True,Small Tufted grass/sedge,6,0.00425531914893617
Control,6,2,False,False,True,Tufted Ground Fern,0,0.0
Control,6,2,False,False,True,Tufted Ground Fern,3,0.00425531914893617
Control,6,2,False,False,True,Tufted Ground Fern,6,0.0
Control,6,3,False,False,False,Large Forb/Herb,0,0.03225806451612903
Control,6,3,False,False,False,Large Forb/Herb,3,0.03225806451612903
Control,6,3,False,False,False,Large Forb/Herb,6,0.06451612903225806
Control,6,3,False,False,False,Large Tufted grass/sedge,0,0.03225806451612903
Control,6,3,False,False,False,Large Tufted grass/sedge,3,0.0
Control,6,3,False,False,False,Large Tufted grass/sedge,6,0.03225806451612903
Control,6,3,False,False,False,Medium Forb/Herb,0,0.06451612903225806
Control,6,3,False,False,False,Medium Forb/Herb,3,0.0967741935483871
Control,6,3,False,False,False,Medium Forb/Herb,6,0.16129032258064516
Control,6,3,False,False,False,Medium Non-tufted grass/sedge,0,0.0
Control,6,3,False,False,False,Medium Non-tufted grass/sedge,3,0.0
Control,6,3,False,False,False,Medium Non-tufted grass/sedge,6,0.03225806451612903
Control,6,3,False,False,False,Medium Tufted grass/sedge,0,0.06451612903225806
Control,6,3,False,False,False,Medium Tufted grass/sedge,3,0.06451612903225806
Control,6,3,False,False,False,Medium Tufted grass/sedge,6,0.0
Control,6,3,False,False,False,Non-tufted Ground Fern,0,0.06451612903225806
Control,6,3,False,False,False,Non-tufted Ground Fern,3,0.06451612903225806
Control,6,3,False,False,False,Non-tufted Ground Fern,6,0.0
Control,6,3,False,False,False,Prostrate or Mat-forming Forb/Herb,0,0.03225806451612903
Control,6,3,False,False,False,Prostrate or Mat-forming Forb/Herb,3,0.06451612903225806
Control,6,3,False,False,False,Prostrate or Mat-forming Forb/Herb,6,0.03225806451612903
Control,6,3,False,False,False,Small Non-tufted grass/sedge,0,0.0
Control,6,3,False,False,False,Small Non-tufted grass/sedge,3,0.0
Control,6,3,False,False,False,Small Non-tufted grass/sedge,6,0.03225806451612903
Control,6,3,False,False,False,Small Tufted grass/sedge,0,0.0
Control,6,3,False,False,False,Small Tufted grass/sedge,3,0.03225806451612903
Control,6,3,False,False,False,Small Tufted grass/sedge,6,0.0
Control,6,3,False,False,True,Climber,0,0.004106776180698152
Control,6,3,False,False,True,Climber,3,0.002053388090349076
Control,6,3,False,False,True,Climber,6,0.002053388090349076
Control,6,3,False,False,True,Large Forb/Herb,0,0.2874743326488706
Control,6,3,False,False,True,Large Forb/Herb,3,0.2464065708418891
Control,6,3,False,False,True,Large Forb/Herb,6,0.2874743326488706
Control,6,3,False,False,True,Medium Forb/Herb,0,0.004106776180698152
Control,6,3,False,False,True,Medium Forb/Herb,3,0.004106776180698152
Control,6,3,False,False,True,Medium Forb/Herb,6,0.002053388090349076
Control,6,3,False,False,True,Medium Non-tufted grass/sedge,0,0.04106776180698152
Control,6,3,False,False,True,Medium Non-tufted grass/sedge,3,0.02053388090349076
Control,6,3,False,False,True,Medium Non-tufted grass/sedge,6,0.004106776180698152
Control,6,3,False,False,True,Prostrate or Mat-forming Forb/Herb,0,0.08213552361396304
Control,6,3,False,False,True,Prostrate or Mat-forming Forb/Herb,3,0.004106776180698152
Control,6,3,False,False,True,Prostrate or Mat-forming Forb/Herb,6,0.002053388090349076
Control,6,3,False,False,True,Small Forb/Herb,0,0.0
Control,6,3,False,False,True,Small Forb/Herb,3,0.002053388090349076
Control,6,3,False,False,True,Small Forb/Herb,6,0.0
Control,6,3,False,False,True,Small Tufted grass/sedge,0,0.0
Control,6,3,False,False,True,Small Tufted grass/sedge,3,0.002053388090349076
Control,6,3,False,False,True,Small Tufted grass/sedge,6,0.002053388090349076
Control,6,4,False,False,False,Large Forb/Herb,0,0.023809523809523808
Control,6,4,False,False,False,Large Forb/Herb,3,0.11904761904761904
Control,6,4,False,False,False,Large Forb/Herb,6,0.0
Control,6,4,False,False,False,Medium Forb/Herb,0,0.011904761904761904
Control,6,4,False,False,False,Medium Forb/Herb,3,0.047619047619047616
Control,6,4,False,False,False,Medium Forb/Herb,6,0.08333333333333333
Control,6,4,False,False,False,Medium Non-tufted grass/sedge,0,0.0
Control,6,4,False,False,False,Medium Non-tufted grass/sedge,3,0.0
Control,6,4,False,False,False,Medium Non-tufted grass/sedge,6,0.011904761904761904
Control,6,4,False,False,False,Medium Tufted grass/sedge,0,0.25
Control,6,4,False,False,False,Medium Tufted grass/sedge,3,0.047619047619047616
Control,6,4,False,False,False,Medium Tufted grass/sedge,6,0.023809523809523808
Control,6,4,False,False,False,Non-tufted Ground Fern,0,0.11904761904761904
Control,6,4,False,False,False,Non-tufted Ground Fern,3,0.11904761904761904
Control,6,4,False,False,False,Non-tufted Ground Fern,6,0.023809523809523808
Control,6,4,False,False,False,Prostrate or Mat-forming Forb/Herb,0,0.011904761904761904
Control,6,4,False,False,False,Prostrate or Mat-forming Forb/Herb,3,0.03571428571428571
Control,6,4,False,False,False,Prostrate or Mat-forming Forb/Herb,6,0.023809523809523808
Control,6,4,False,False,False,Small Non-tufted grass/sedge,0,0.011904761904761904
Control,6,4,False,False,False,Small Non-tufted grass/sedge,3,0.0
Control,6,4,False,False,False,Small Non-tufted grass/sedge,6,0.011904761904761904
Control,6,4,False,False,False,Small Tufted grass/sedge,0,0.0
Control,6,4,False,False,False,Small Tufted grass/sedge,3,0.0
Control,6,4,False,False,False,Small Tufted grass/sedge,6,0.023809523809523808
Control,6,4,False,False,True,Climber,0,0.002173913043478261
Control,6,4,False,False,True,Climber,3,0.002173913043478261
Control,6,4,False,False,True,Climber,6,0.0
Control,6,4,False,False,True,Large Forb/Herb,0,0.30434782608695654
Control,6,4,False,False,True,Large Forb/Herb,3,0.2608695652173913
Control,6,4,False,False,True,Large Forb/Herb,6,0.30434782608695654
Control,6,4,False,False,True,Medium Forb/Herb,0,0.0
Control,6,4,False,False,True,Medium Forb/Herb,3,0.004347826086956522
Control,6,4,False,False,True,Medium Forb/Herb,6,0.0
Control,6,4,False,False,True,Medium Non-tufted grass/sedge,0,0.043478260869565216
Control,6,4,False,False,True,Medium Non-tufted grass/sedge,3,0.004347826086956522
Control,6,4,False,False,True,Medium Non-tufted grass/sedge,6,0.002173913043478261
Control,6,4,False,False,True,Prostrate or Mat-forming Forb/Herb,0,0.043478260869565216
Control,6,4,False,False,True,Prostrate or Mat-forming Forb/Herb,3,0.021739130434782608
Control,6,4,False,False,True,Prostrate or Mat-forming Forb/Herb,6,0.0
Control,6,4,False,False,True,Small Forb/Herb,0,0.0
Control,6,4,False,False,True,Small Forb/Herb,3,0.002173913043478261
Control,6,4,False,False,True,Small Forb/Herb,6,0.0
Control,6,4,False,False,True,Small Tufted grass/sedge,0,0.0
Control,6,4,False,False,True,Small Tufted grass/sedge,3,0.002173913043478261
Control,6,4,False,False,True,Small Tufted grass/sedge,6,0.002173913043478261
Control,6,5,False,False,False,Large Forb/Herb,0,0.008333333333333333
Control,6,5,False,False,False,Large Forb/Herb,3,0.008333333333333333
Control,6,5,False,False,False,Large Forb/Herb,6,0.008333333333333333
Control,6,5,False,False,False,Large Tufted grass/sedge,0,0.016666666666666666
Control,6,5,False,False,False,Large Tufted grass/sedge,3,0.0
Control,6,5,False,False,False,Large Tufted grass/sedge,6,0.0
Control,6,5,False,False,False,Medium Forb/Herb,0,0.05
Control,6,5,False,False,False,Medium Forb/Herb,3,0.05
Control,6,5,False,False,False,Medium Forb/Herb,6,0.041666666666666664
Control,6,5,False,False,False,Medium Tufted grass/sedge,0,0.1
Control,6,5,False,False,False,Medium Tufted grass/sedge,3,0.016666666666666666
Control,6,5,False,False,False,Medium Tufted grass/sedge,6,0.016666666666666666
Control,6,5,False,False,False,Non-tufted Ground Fern,0,0.08333333333333333
Control,6,5,False,False,False,Non-tufted Ground Fern,3,0.08333333333333333
Control,6,5,False,False,False,Non-tufted Ground Fern,6,0.3333333333333333
Control,6,5,False,False,False,Prostrate or Mat-forming Forb/Herb,0,0.016666666666666666
Control,6,5,False,False,False,Prostrate or Mat-forming Forb/Herb,3,0.025
Control,6,5,False,False,False,Prostrate or Mat-forming Forb/Herb,6,0.025
Control,6,5,False,False,False,Small Non-tufted grass/sedge,0,0.008333333333333333
Control,6,5,False,False,False,Small Non-tufted grass/sedge,3,0.0
Control,6,5,False,False,False,Small Non-tufted grass/sedge,6,0.008333333333333333
Control,6,5,False,False,False,Small Tufted grass/sedge,0,0.09166666666666666
Control,6,5,False,False,False,Small Tufted grass/sedge,3,0.008333333333333333
Control,6,5,False,False,False,Small Tufted grass/sedge,6,0.0
Control,6,5,False,False,True,Climber,0,0.005235602094240838
Control,6,5,False,False,True,Climber,3,0.0
Control,6,5,False,False,True,Climber,6,0.005235602094240838
Control,6,5,False,False,True,Large Forb/Herb,0,0.2094240837696335
Control,6,5,False,False,True,Large Forb/Herb,3,0.10471204188481675
Control,6,5,False,False,True,Large Forb/Herb,6,0.31413612565445026
Control,6,5,False,False,True,Medium Forb/Herb,0,0.010471204188481676
Control,6,5,False,False,True,Medium Forb/Herb,3,0.020942408376963352
Control,6,5,False,False,True,Medium Forb/Herb,6,0.010471204188481676
Control,6,5,False,False,True,Medium Non-tufted grass/sedge,0,0.2094240837696335
Control,6,5,False,False,True,Medium Non-tufted grass/sedge,3,0.05235602094240838
Control,6,5,False,False,True,Medium Non-tufted grass/sedge,6,0.005235602094240838
Control,6,5,False,False,True,Prostrate Shrub,0,0.0
Control,6,5,False,False,True,Prostrate Shrub,3,0.0
Control,6,5,False,False,True,Prostrate Shrub,6,0.005235602094240838
Control,6,5,False,False,True,Prostrate or Mat-forming Forb/Herb,0,0.0
Control,6,5,False,False,True,Prostrate or Mat-forming Forb/Herb,3,0.010471204188481676
Control,6,5,False,False,True,Prostrate or Mat-forming Forb/Herb,6,0.005235602094240838
Control,6,5,False,False,True,Small Forb/Herb,0,0.0
Control,6,5,False,False,True,Small Forb/Herb,3,0.010471204188481676
Control,6,5,False,False,True,Small Forb/Herb,6,0.0
Control,6,5,False,False,True,Small Tufted grass/sedge,0,0.0
Control,6,5,False,False,True,Small Tufted grass/sedge,3,0.005235602094240838
Control,6,5,False,False,True,Small Tufted grass/sedge,6,0.015706806282722512
Control,6,6,False,False,False,Large Forb/Herb,0,0.029850746268656716
Control,6,6,False,False,False,Large Forb/Herb,3,0.0
Control,6,6,False,False,False,Large Forb/Herb,6,0.029850746268656716
Control,6,6,False,False,False,Medium Forb/Herb,0,0.08955223880597014
Control,6,6,False,False,False,Medium Forb/Herb,3,0.14925373134328357
Control,6,6,False,False,False,Medium Forb/Herb,6,0.029850746268656716
Control,6,6,False,False,False,Medium Tufted grass/sedge,0,0.04477611940298507
Control,6,6,False,False,False,Medium Tufted grass/sedge,3,0.04477611940298507
Control,6,6,False,False,False,Medium Tufted grass/sedge,6,0.014925373134328358
Control,6,6,False,False,False,Non-tufted Ground Fern,0,0.029850746268656716
Control,6,6,False,False,False,Non-tufted Ground Fern,3,0.014925373134328358
Control,6,6,False,False,False,Non-tufted Ground Fern,6,0.014925373134328358
Control,6,6,False,False,False,Prostrate or Mat-forming Forb/Herb,0,0.014925373134328358
Control,6,6,False,False,False,Prostrate or Mat-forming Forb/Herb,3,0.029850746268656716
Control,6,6,False,False,False,Prostrate or Mat-forming Forb/Herb,6,0.05970149253731343
Control,6,6,False,False,False,Small Non-tufted grass/sedge,0,0.029850746268656716
Control,6,6,False,False,False,Small Non-tufted grass/sedge,3,0.0
Control,6,6,False,False,False,Small Non-tufted grass/sedge,6,0.029850746268656716
Control,6,6,False,False,False,Small Tufted grass/sedge,0,0.3283582089552239
Control,6,6,False,False,False,Small Tufted grass/sedge,3,0.014925373134328358
Control,6,6,False,False,False,Small Tufted grass/sedge,6,0.0
Control,6,6,False,False,True,Climber,0,0.0
Control,6,6,False,False,True,Climber,3,0.004464285714285714
Control,6,6,False,False,True,Climber,6,0.0
Control,6,6,False,False,True,Large Forb/Herb,0,0.17857142857142858
Control,6,6,False,False,True,Large Forb/Herb,3,0.17857142857142858
Control,6,6,False,False,True,Large Forb/Herb,6,0.26785714285714285
Control,6,6,False,False,True,Medium Forb/Herb,0,0.013392857142857142
Control,6,6,False,False,True,Medium Forb/Herb,3,0.026785714285714284
Control,6,6,False,False,True,Medium Forb/Herb,6,0.004464285714285714
Control,6,6,False,False,True,Medium Non-tufted grass/sedge,0,0.26785714285714285
Control,6,6,False,False,True,Medium Non-tufted grass/sedge,3,0.008928571428571428
Control,6,6,False,False,True,Medium Non-tufted grass/sedge,6,0.008928571428571428
Control,6,6,False,False,True,Prostrate Shrub,0,0.0
Control,6,6,False,False,True,Prostrate Shrub,3,0.0
Control,6,6,False,False,True,Prostrate Shrub,6,0.004464285714285714
Control,6,6,False,False,True,Prostrate or Mat-forming Forb/Herb,0,0.004464285714285714
Control,6,6,False,False,True,Prostrate or Mat-forming Forb/Herb,3,0.008928571428571428
Control,6,6,False,False,True,Prostrate or Mat-forming Forb/Herb,6,0.004464285714285714
Control,6,6,False,False,True,Small Tufted grass/sedge,0,0.004464285714285714
Control,6,6,False,False,True,Small Tufted grass/sedge,3,0.008928571428571428
Control,6,6,False,False,True,Small Tufted grass/sedge,6,0.004464285714285714
Control,6,7,False,False,False,Large Forb/Herb,0,0.02040816326530612
Control,6,7,False,False,False,Large Forb/Herb,3,0.0
Control,6,7,False,False,False,Large Forb/Herb,6,0.02040816326530612
Control,6,7,False,False,False,Large Tufted grass/sedge,0,0.02040816326530612
Control,6,7,False,False,False,Large Tufted grass/sedge,3,0.02040816326530612
Control,6,7,False,False,False,Large Tufted grass/sedge,6,0.0
Control,6,7,False,False,False,Medium Forb/Herb,0,0.12244897959183673
Control,6,7,False,False,False,Medium Forb/Herb,3,0.08163265306122448
Control,6,7,False,False,False,Medium Forb/Herb,6,0.12244897959183673
Control,6,7,False,False,False,Medium Tufted grass/sedge,0,0.061224489795918366
Control,6,7,False,False,False,Medium Tufted grass/sedge,3,0.02040816326530612
Control,6,7,False,False,False,Medium Tufted grass/sedge,6,0.061224489795918366
Control,6,7,False,False,False,Non-tufted Ground Fern,0,0.04081632653061224
Control,6,7,False,False,False,Non-tufted Ground Fern,3,0.04081632653061224
Control,6,7,False,False,False,Non-tufted Ground Fern,6,0.04081632653061224
Control,6,7,False,False,False,Prostrate or Mat-forming Forb/Herb,0,0.04081632653061224
Control,6,7,False,False,False,Prostrate or Mat-forming Forb/Herb,3,0.04081632653061224
Control,6,7,False,False,False,Prostrate or Mat-forming Forb/Herb,6,0.02040816326530612
Control,6,7,False,False,False,Small Non-tufted grass/sedge,0,0.02040816326530612
Control,6,7,False,False,False,Small Non-tufted grass/sedge,3,0.04081632653061224
Control,6,7,False,False,False,Small Non-tufted grass/sedge,6,0.02040816326530612
Control,6,7,False,False,False,Small Tufted grass/sedge,0,0.061224489795918366
Control,6,7,False,False,False,Small Tufted grass/sedge,3,0.04081632653061224
Control,6,7,False,False,False,Small Tufted grass/sedge,6,0.04081632653061224
Control,6,7,False,False,True,Large Forb/Herb,0,0.35714285714285715
Control,6,7,False,False,True,Large Forb/Herb,3,0.03571428571428571
Control,6,7,False,False,True,Large Forb/Herb,6,0.35714285714285715
Control,6,7,False,False,True,Large Tufted grass/sedge,0,0.0
Control,6,7,False,False,True,Large Tufted grass/sedge,3,0.0
Control,6,7,False,False,True,Large Tufted grass/sedge,6,0.017857142857142856
Control,6,7,False,False,True,Medium Forb/Herb,0,0.0
Control,6,7,False,False,True,Medium Forb/Herb,3,0.03571428571428571
Control,6,7,False,False,True,Medium Forb/Herb,6,0.07142857142857142
Control,6,7,False,False,True,Medium Non-tufted grass/sedge,0,0.017857142857142856
Control,6,7,False,False,True,Medium Non-tufted grass/sedge,3,0.03571428571428571
Control,6,7,False,False,True,Medium Non-tufted grass/sedge,6,0.0
Control,6,7,False,False,True,Prostrate or Mat-forming Forb/Herb,0,0.0
Control,6,7,False,False,True,Prostrate or Mat-forming Forb/Herb,3,0.0
Control,6,7,False,False,True,Prostrate or Mat-forming Forb/Herb,6,0.017857142857142856
Control,6,7,False,False,True,Small Forb/Herb,0,0.0
Control,6,7,False,False,True,Small Forb/Herb,3,0.017857142857142856
Control,6,7,False,False,True,Small Forb/Herb,6,0.0
Control,6,7,False,False,True,Small Tufted grass/sedge,0,0.0
Control,6,7,False,False,True,Small Tufted grass/sedge,3,0.0
Control,6,7,False,False,True,Small Tufted grass/sedge,6,0.017857142857142856
Control,6,7,False,False,True,Tufted Ground Fern,0,0.0
Control,6,7,False,False,True,Tufted Ground Fern,3,0.017857142857142856
Control,6,7,False,False,True,Tufted Ground Fern,6,0.0
Control,6,8,False,False,False,Large Forb/Herb,0,0.018018018018018018
Control,6,8,False,False,False,Large Forb/Herb,3,0.009009009009009009
Control,6,8,False,False,False,Large Forb/Herb,6,0.018018018018018018
Control,6,8,False,False,False,Large Tufted grass/sedge,0,0.09009009009009009
Control,6,8,False,False,False,Large Tufted grass/sedge,3,0.0
Control,6,8,False,False,False,Large Tufted grass/sedge,6,0.009009009009009009
Control,6,8,False,False,False,Medium Forb/Herb,0,0.05405405405405406
Control,6,8,False,False,False,Medium Forb/Herb,3,0.07207207207207207
Control,6,8,False,False,False,Medium Forb/Herb,6,0.09009009009009009
Control,6,8,False,False,False,Medium Tufted grass/sedge,0,0.036036036036036036
Control,6,8,False,False,False,Medium Tufted grass/sedge,3,0.036036036036036036
Control,6,8,False,False,False,Medium Tufted grass/sedge,6,0.02702702702702703
Control,6,8,False,False,False,Non-tufted Ground Fern,0,0.18018018018018017
Control,6,8,False,False,False,Non-tufted Ground Fern,3,0.09009009009009009
Control,6,8,False,False,False,Non-tufted Ground Fern,6,0.09009009009009009
Control,6,8,False,False,False,Prostrate or Mat-forming Forb/Herb,0,0.036036036036036036
Control,6,8,False,False,False,Prostrate or Mat-forming Forb/Herb,3,0.018018018018018018
Control,6,8,False,False,False,Prostrate or Mat-forming Forb/Herb,6,0.018018018018018018
Control,6,8,False,False,False,Small Non-tufted grass/sedge,0,0.0
Control,6,8,False,False,False,Small Non-tufted grass/sedge,3,0.0
Control,6,8,False,False,False,Small Non-tufted grass/sedge,6,0.009009009009009009
Control,6,8,False,False,False,Small Tufted grass/sedge,0,0.09009009009009009
Control,6,8,False,False,False,Small Tufted grass/sedge,3,0.009009009009009009
Control,6,8,False,False,False,Small Tufted grass/sedge,6,0.0
Control,6,8,False,False,True,Climber,0,0.0
Control,6,8,False,False,True,Climber,3,0.0
Control,6,8,False,False,True,Climber,6,0.0043859649122807015
Control,6,8,False,False,True,Large Forb/Herb,0,0.2631578947368421
Control,6,8,False,False,True,Large Forb/Herb,3,0.17543859649122806
Control,6,8,False,False,True,Large Forb/Herb,6,0.3508771929824561
Control,6,8,False,False,True,Medium Forb/Herb,0,0.013157894736842105
Control,6,8,False,False,True,Medium Forb/Herb,3,0.04824561403508772
Control,6,8,False,False,True,Medium Forb/Herb,6,0.017543859649122806
Control,6,8,False,False,True,Medium Non-tufted grass/sedge,0,0.08771929824561403
Control,6,8,False,False,True,Medium Non-tufted grass/sedge,3,0.008771929824561403
Control,6,8,False,False,True,Medium Non-tufted grass/sedge,6,0.0043859649122807015
Control,6,8,False,False,True,Prostrate Shrub,0,0.0
Control,6,8,False,False,True,Prostrate Shrub,3,0.0
Control,6,8,False,False,True,Prostrate Shrub,6,0.0043859649122807015
Control,6,8,False,False,True,Prostrate or Mat-forming Forb/Herb,0,0.008771929824561403
Control,6,8,False,False,True,Prostrate or Mat-forming Forb/Herb,3,0.0043859649122807015
Control,6,8,False,False,True,Prostrate or Mat-forming Forb/Herb,6,0.0
Control,6,8,False,False,True,Small Tufted grass/sedge,0,0.0
Control,6,8,False,False,True,Small Tufted grass/sedge,3,0.0043859649122807015
Control,6,8,False,False,True,Small Tufted grass/sedge,6,0.0043859649122807015
Control,6,9,False,False,False,Large Forb/Herb,0,0.05
Control,6,9,False,False,False,Large Forb/Herb,3,0.025
Control,6,9,False,False,False,Large Forb/Herb,6,0.025
Control,6,9,False,False,False,Large Tufted grass/sedge,0,0.0
Control,6,9,False,False,False,Large Tufted grass/sedge,3,0.025
Control,6,9,False,False,False,Large Tufted grass/sedge,6,0.0
Control,6,9,False,False,False,Medium Forb/Herb,0,0.025
Control,6,9,False,False,False,Medium Forb/Herb,3,0.05
Control,6,9,False,False,False,Medium Forb/Herb,6,0.075
Control,6,9,False,False,False,Medium Non-tufted grass/sedge,0,0.0
Control,6,9,False,False,False,Medium Non-tufted grass/sedge,3,0.0
Control,6,9,False,False,False,Medium Non-tufted grass/sedge,6,0.025
Control,6,9,False,False,False,Medium Tufted grass/sedge,0,0.05
Control,6,9,False,False,False,Medium Tufted grass/sedge,3,0.025
Control,6,9,False,False,False,Medium Tufted grass/sedge,6,0.05
Control,6,9,False,False,False,Non-tufted Ground Fern,0,0.025
Control,6,9,False,False,False,Non-tufted Ground Fern,3,0.05
Control,6,9,False,False,False,Non-tufted Ground Fern,6,0.05
Control,6,9,False,False,False,Prostrate or Mat-forming Forb/Herb,0,0.05
Control,6,9,False,False,False,Prostrate or Mat-forming Forb/Herb,3,0.05
Control,6,9,False,False,False,Prostrate or Mat-forming Forb/Herb,6,0.05
Control,6,9,False,False,False,Small Non-tufted grass/sedge,0,0.0
Control,6,9,False,False,False,Small Non-tufted grass/sedge,3,0.0
Control,6,9,False,False,False,Small Non-tufted grass/sedge,6,0.025
Control,6,9,False,False,False,Small Tufted grass/sedge,0,0.275
Control,6,9,False,False,False,Small Tufted grass/sedge,3,0.0
Control,6,9,False,False,False,Small Tufted grass/sedge,6,0.0
Control,6,9,False,False,True,Climber,0,0.0
Control,6,9,False,False,True,Climber,3,0.003236245954692557
Control,6,9,False,False,True,Climber,6,0.0
Control,6,9,False,False,True,Large Forb/Herb,0,0.0
Control,6,9,False,False,True,Large Forb/Herb,3,0.0
Control,6,9,False,False,True,Large Forb/Herb,6,0.3883495145631068
Control,6,9,False,False,True,Medium Forb/Herb,0,0.003236245954692557
Control,6,9,False,False,True,Medium Forb/Herb,3,0.39158576051779936
Control,6,9,False,False,True,Medium Forb/Herb,6,0.006472491909385114
Control,6,9,False,False,True,Medium Non-tufted grass/sedge,0,0.06472491909385113
Control,6,9,False,False,True,Medium Non-tufted grass/sedge,3,0.006472491909385114
Control,6,9,False,False,True,Medium Non-tufted grass/sedge,6,0.003236245954692557
Control,6,9,False,False,True,Prostrate or Mat-forming Forb/Herb,0,0.12944983818770225
Control,6,9,False,False,True,Prostrate or Mat-forming Forb/Herb,3,0.003236245954692557
Control,6,9,False,False,True,Prostrate or Mat-forming Forb/Herb,6,0.0
Control,6,10,False,False,False,Large Forb/Herb,0,0.011764705882352941
Control,6,10,False,False,False,Large Forb/Herb,3,0.023529411764705882
Control,6,10,False,False,False,Large Forb/Herb,6,0.03529411764705882
Control,6,10,False,False,False,Medium Forb/Herb,0,0.047058823529411764
Control,6,10,False,False,False,Medium Forb/Herb,3,0.07058823529411765
Control,6,10,False,False,False,Medium Forb/Herb,6,0.058823529411764705
Control,6,10,False,False,False,Medium Tufted grass/sedge,0,0.023529411764705882
Control,6,10,False,False,False,Medium Tufted grass/sedge,3,0.011764705882352941
Control,6,10,False,False,False,Medium Tufted grass/sedge,6,0.011764705882352941
Control,6,10,False,False,False,Non-tufted Ground Fern,0,0.023529411764705882
Control,6,10,False,False,False,Non-tufted Ground Fern,3,0.023529411764705882
Control,6,10,False,False,False,Non-tufted Ground Fern,6,0.023529411764705882
Control,6,10,False,False,False,Prostrate or Mat-forming Forb/Herb,0,0.0
Control,6,10,False,False,False,Prostrate or Mat-forming Forb/Herb,3,0.0
Control,6,10,False,False,False,Prostrate or Mat-forming Forb/Herb,6,0.011764705882352941
Control,6,10,False,False,False,Small Non-tufted grass/sedge,0,0.023529411764705882
Control,6,10,False,False,False,Small Non-tufted grass/sedge,3,0.0
Control,6,10,False,False,False,Small Non-tufted grass/sedge,6,0.011764705882352941
Control,6,10,False,False,False,Small Tufted grass/sedge,0,0.47058823529411764
Control,6,10,False,False,False,Small Tufted grass/sedge,3,0.11764705882352941
Control,6,10,False,False,False,Small Tufted grass/sedge,6,0.0
Control,6,10,False,False,True,Large Forb/Herb,0,0.35714285714285715
Control,6,10,False,False,True,Large Forb/Herb,3,0.05952380952380952
Control,6,10,False,False,True,Large Forb/Herb,6,0.11904761904761904
Control,6,10,False,False,True,Medium Forb/Herb,0,0.0
Control,6,10,False,False,True,Medium Forb/Herb,3,0.005952380952380952
Control,6,10,False,False,True,Medium Forb/Herb,6,0.0
Control,6,10,False,False,True,Medium Non-tufted grass/sedge,0,0.11904761904761904
Control,6,10,False,False,True,Medium Non-tufted grass/sedge,3,0.11904761904761904
Control,6,10,False,False,True,Medium Non-tufted grass/sedge,6,0.005952380952380952
Control,6,10,False,False,True,Prostrate or Mat-forming Forb/Herb,0,0.02976190476190476
Control,6,10,False,False,True,Prostrate or Mat-forming Forb/Herb,3,0.17857142857142858
Control,6,10,False,False,True,Prostrate or Mat-forming Forb/Herb,6,0.0
Control,6,10,False,False,True,Small Tufted grass/sedge,0,0.0
Control,6,10,False,False,True,Small Tufted grass/sedge,3,0.0
Control,6,10,False,False,True,Small Tufted grass/sedge,6,0.005952380952380952
Control,6,11,False,False,False,Large Forb/Herb,0,0.13333333333333333
Control,6,11,False,False,False,Large Forb/Herb,3,0.022222222222222223
Control,6,11,False,False,False,Large Forb/Herb,6,0.044444444444444446
Control,6,11,False,False,False,Medium Forb/Herb,0,0.15555555555555556
Control,6,11,False,False,False,Medium Forb/Herb,3,0.1111111111111111
Control,6,11,False,False,False,Medium Forb/Herb,6,0.13333333333333333
Control,6,11,False,False,False,Medium Tufted grass/sedge,0,0.06666666666666667
Control,6,11,False,False,False,Medium Tufted grass/sedge,3,0.022222222222222223
Control,6,11,False,False,False,Medium Tufted grass/sedge,6,0.0
Control,6,11,False,False,False,Non-tufted Ground Fern,0,0.044444444444444446
Control,6,11,False,False,False,Non-tufted Ground Fern,3,0.022222222222222223
Control,6,11,False,False,False,Non-tufted Ground Fern,6,0.0
Control,6,11,False,False,False,Prostrate or Mat-forming Forb/Herb,0,0.022222222222222223
Control,6,11,False,False,False,Prostrate or Mat-forming Forb/Herb,3,0.0
Control,6,11,False,False,False,Prostrate or Mat-forming Forb/Herb,6,0.022222222222222223
Control,6,11,False,False,False,Small Non-tufted grass/sedge,0,0.022222222222222223
Control,6,11,False,False,False,Small Non-tufted grass/sedge,3,0.044444444444444446
Control,6,11,False,False,False,Small Non-tufted grass/sedge,6,0.0
Control,6,11,False,False,False,Small Tufted grass/sedge,0,0.06666666666666667
Control,6,11,False,False,False,Small Tufted grass/sedge,3,0.022222222222222223
Control,6,11,False,False,False,Small Tufted grass/sedge,6,0.044444444444444446
Control,6,11,False,False,True,Large Forb/Herb,0,0.0
Control,6,11,False,False,True,Large Forb/Herb,3,0.35874439461883406
Control,6,11,False,False,True,Large Forb/Herb,6,0.35874439461883406
Control,6,11,False,False,True,Medium Forb/Herb,0,0.004484304932735426
Control,6,11,False,False,True,Medium Forb/Herb,3,0.008968609865470852
Control,6,11,False,False,True,Medium Forb/Herb,6,0.004484304932735426
Control,6,11,False,False,True,Medium Non-tufted grass/sedge,0,0.17937219730941703
Control,6,11,False,False,True,Medium Non-tufted grass/sedge,3,0.008968609865470852
Control,6,11,False,False,True,Medium Non-tufted grass/sedge,6,0.04484304932735426
Control,6,11,False,False,True,Prostrate or Mat-forming Forb/Herb,0,0.008968609865470852
Control,6,11,False,False,True,Prostrate or Mat-forming Forb/Herb,3,0.008968609865470852
Control,6,11,False,False,True,Prostrate or Mat-forming Forb/Herb,6,0.0
Control,6,11,False,False,True,Small Forb/Herb,0,0.0
Control,6,11,False,False,True,Small Forb/Herb,3,0.004484304932735426
Control,6,11,False,False,True,Small Forb/Herb,6,0.0
Control,6,11,False,False,True,Small Tufted grass/sedge,0,0.0
Control,6,11,False,False,True,Small Tufted grass/sedge,3,0.004484304932735426
Control,6,11,False,False,True,Small Tufted grass/sedge,6,0.004484304932735426
Control,6,12,False,False,False,Large Forb/Herb,0,0.02857142857142857
Control,6,12,False,False,False,Large Forb/Herb,3,0.0
Control,6,12,False,False,False,Large Forb/Herb,6,0.02857142857142857
Control,6,12,False,False,False,Medium Forb/Herb,0,0.11428571428571428
Control,6,12,False,False,False,Medium Forb/Herb,3,0.11428571428571428
Control,6,12,False,False,False,Medium Forb/Herb,6,0.08571428571428572
Control,6,12,False,False,False,Medium Tufted grass/sedge,0,0.0
Control,6,12,False,False,False,Medium Tufted grass/sedge,3,0.05714285714285714
Control,6,12,False,False,False,Medium Tufted grass/sedge,6,0.0
Control,6,12,False,False,False,Non-tufted Ground Fern,0,0.05714285714285714
Control,6,12,False,False,False,Non-tufted Ground Fern,3,0.05714285714285714
Control,6,12,False,False,False,Non-tufted Ground Fern,6,0.02857142857142857
Control,6,12,False,False,False,Prostrate or Mat-forming Forb/Herb,0,0.05714285714285714
Control,6,12,False,False,False,Prostrate or Mat-forming Forb/Herb,3,0.05714285714285714
Control,6,12,False,False,False,Prostrate or Mat-forming Forb/Herb,6,0.05714285714285714
Control,6,12,False,False,False,Small Non-tufted grass/sedge,0,0.02857142857142857
Control,6,12,False,False,False,Small Non-tufted grass/sedge,3,0.0
Control,6,12,False,False,False,Small Non-tufted grass/sedge,6,0.02857142857142857
Control,6,12,False,False,False,Small Tufted grass/sedge,0,0.08571428571428572
Control,6,12,False,False,False,Small Tufted grass/sedge,3,0.05714285714285714
Control,6,12,False,False,False,Small Tufted grass/sedge,6,0.05714285714285714
Control,6,12,False,False,True,Large Forb/Herb,0,0.3048780487804878
Control,6,12,False,False,True,Large Forb/Herb,3,0.36585365853658536
Control,6,12,False,False,True,Large Forb/Herb,6,0.3048780487804878
Control,6,12,False,False,True,Medium Forb/Herb,0,0.0
Control,6,12,False,False,True,Medium Forb/Herb,3,0.006097560975609756
Control,6,12,False,False,True,Medium Forb/Herb,6,0.0
Control,6,12,False,False,True,Medium Non-tufted grass/sedge,0,0.003048780487804878
Control,6,12,False,False,True,Medium Non-tufted grass/sedge,3,0.003048780487804878
Control,6,12,False,False,True,Medium Non-tufted grass/sedge,6,0.006097560975609756
Control,6,12,False,False,True,Prostrate or Mat-forming Forb/Herb,0,0.0
Control,6,12,False,False,True,Prostrate or Mat-forming Forb/Herb,3,0.003048780487804878
Control,6,12,False,False,True,Prostrate or Mat-forming Forb/Herb,6,0.003048780487804878
Control,6,13,False,False,False,Large Forb/Herb,0,0.06666666666666667
Control,6,13,False,False,False,Large Forb/Herb,3,0.06666666666666667
Control,6,13,False,False,False,Large Forb/Herb,6,0.0
Control,6,13,False,False,False,Medium Forb/Herb,0,0.1111111111111111
Control,6,13,False,False,False,Medium Forb/Herb,3,0.08888888888888889
Control,6,13,False,False,False,Medium Forb/Herb,6,0.022222222222222223
Control,6,13,False,False,False,Medium Non-tufted grass/sedge,0,0.0
Control,6,13,False,False,False,Medium Non-tufted grass/sedge,3,0.0
Control,6,13,False,False,False,Medium Non-tufted grass/sedge,6,0.022222222222222223
Control,6,13,False,False,False,Medium Tufted grass/sedge,0,0.044444444444444446
Control,6,13,False,False,False,Medium Tufted grass/sedge,3,0.022222222222222223
Control,6,13,False,False,False,Medium Tufted grass/sedge,6,0.044444444444444446
Control,6,13,False,False,False,Prostrate or Mat-forming Forb/Herb,0,0.022222222222222223
Control,6,13,False,False,False,Prostrate or Mat-forming Forb/Herb,3,0.08888888888888889
Control,6,13,False,False,False,Prostrate or Mat-forming Forb/Herb,6,0.022222222222222223
Control,6,13,False,False,False,Small Non-tufted grass/sedge,0,0.022222222222222223
Control,6,13,False,False,False,Small Non-tufted grass/sedge,3,0.0
Control,6,13,False,False,False,Small Non-tufted grass/sedge,6,0.022222222222222223
Control,6,13,False,False,False,Small Tufted grass/sedge,0,0.2222222222222222
Control,6,13,False,False,False,Small Tufted grass/sedge,3,0.06666666666666667
Control,6,13,False,False,False,Small Tufted grass/sedge,6,0.044444444444444446
Control,6,13,False,False,True,Large Forb/Herb,0,0.17543859649122806
Control,6,13,False,False,True,Large Forb/Herb,3,0.3508771929824561
Control,6,13,False,False,True,Large Forb/Herb,6,0.3508771929824561
Control,6,13,False,False,True,Large Tufted grass/sedge,0,0.0
Control,6,13,False,False,True,Large Tufted grass/sedge,3,0.017543859649122806
Control,6,13,False,False,True,Large Tufted grass/sedge,6,0.0
Control,6,13,False,False,True,Medium Forb/Herb,0,0.008771929824561403
Control,6,13,False,False,True,Medium Forb/Herb,3,0.008771929824561403
Control,6,13,False,False,True,Medium Forb/Herb,6,0.008771929824561403
Control,6,13,False,False,True,Medium Non-tufted grass/sedge,0,0.017543859649122806
Control,6,13,False,False,True,Medium Non-tufted grass/sedge,3,0.017543859649122806
Control,6,13,False,False,True,Medium Non-tufted grass/sedge,6,0.008771929824561403
Control,6,13,False,False,True,Prostrate or Mat-forming Forb/Herb,0,0.008771929824561403
Control,6,13,False,False,True,Prostrate or Mat-forming Forb/Herb,3,0.017543859649122806
Control,6,13,False,False,True,Prostrate or Mat-forming Forb/Herb,6,0.008771929824561403
Control,6,14,False,False,False,Large Forb/Herb,0,0.03508771929824561
Control,6,14,False,False,False,Large Forb/Herb,3,0.03508771929824561
Control,6,14,False,False,False,Large Forb/Herb,6,0.017543859649122806
Control,6,14,False,False,False,Large Tufted grass/sedge,0,0.017543859649122806
Control,6,14,False,False,False,Large Tufted grass/sedge,3,0.0
Control,6,14,False,False,False,Large Tufted grass/sedge,6,0.0
Control,6,14,False,False,False,Medium Forb/Herb,0,0.08771929824561403
Control,6,14,False,False,False,Medium Forb/Herb,3,0.14035087719298245
Control,6,14,False,False,False,Medium Forb/Herb,6,0.017543859649122806
Control,6,14,False,False,False,Medium Non-tufted grass/sedge,0,0.0
Control,6,14,False,False,False,Medium Non-tufted grass/sedge,3,0.0
Control,6,14,False,False,False,Medium Non-tufted grass/sedge,6,0.03508771929824561
Control,6,14,False,False,False,Medium Tufted grass/sedge,0,0.03508771929824561
Control,6,14,False,False,False,Medium Tufted grass/sedge,3,0.03508771929824561
Control,6,14,False,False,False,Medium Tufted grass/sedge,6,0.017543859649122806
Control,6,14,False,False,False,Prostrate or Mat-forming Forb/Herb,0,0.017543859649122806
Control,6,14,False,False,False,Prostrate or Mat-forming Forb/Herb,3,0.17543859649122806
Control,6,14,False,False,False,Prostrate or Mat-forming Forb/Herb,6,0.017543859649122806
Control,6,14,False,False,False,Shrub,0,0.017543859649122806
Control,6,14,False,False,False,Shrub,3,0.0
Control,6,14,False,False,False,Shrub,6,0.0
Control,6,14,False,False,False,Small Non-tufted grass/sedge,0,0.017543859649122806
Control,6,14,False,False,False,Small Non-tufted grass/sedge,3,0.0
Control,6,14,False,False,False,Small Non-tufted grass/sedge,6,0.0
Control,6,14,False,False,False,Small Tufted grass/sedge,0,0.05263157894736842
Control,6,14,False,False,False,Small Tufted grass/sedge,3,0.19298245614035087
Control,6,14,False,False,False,Small Tufted grass/sedge,6,0.03508771929824561
Control,6,14,False,False,True,Large Forb/Herb,0,0.0
Control,6,14,False,False,True,Large Forb/Herb,3,0.012048192771084338
Control,6,14,False,False,True,Large Forb/Herb,6,0.024096385542168676
Control,6,14,False,False,True,Large Tufted grass/sedge,0,0.024096385542168676
Control,6,14,False,False,True,Large Tufted grass/sedge,3,0.0
Control,6,14,False,False,True,Large Tufted grass/sedge,6,0.0
Control,6,14,False,False,True,Medium Forb/Herb,0,0.0
Control,6,14,False,False,True,Medium Forb/Herb,3,0.012048192771084338
Control,6,14,False,False,True,Medium Forb/Herb,6,0.012048192771084338
Control,6,14,False,False,True,Medium Non-tufted grass/sedge,0,0.7228915662650602
Control,6,14,False,False,True,Medium Non-tufted grass/sedge,3,0.0
Control,6,14,False,False,True,Medium Non-tufted grass/sedge,6,0.012048192771084338
Control,6,14,False,False,True,Prostrate or Mat-forming Forb/Herb,0,0.12048192771084337
Control,6,14,False,False,True,Prostrate or Mat-forming Forb/Herb,3,0.024096385542168676
Control,6,14,False,False,True,Prostrate or Mat-forming Forb/Herb,6,0.012048192771084338
Control,6,14,False,False,True,Small Tufted grass/sedge,0,0.0
Control,6,14,False,False,True,Small Tufted grass/sedge,3,0.012048192771084338
Control,6,14,False,False,True,Small Tufted grass/sedge,6,0.012048192771084338
Control,6,15,False,False,False,Large Forb/Herb,0,0.023255813953488372
Control,6,15,False,False,False,Large Forb/Herb,3,0.011627906976744186
Control,6,15,False,False,False,Large Forb/Herb,6,0.03488372093023256
Control,6,15,False,False,False,Large Tufted grass/sedge,0,0.011627906976744186
Control,6,15,False,False,False,Large Tufted grass/sedge,3,0.011627906976744186
Control,6,15,False,False,False,Large Tufted grass/sedge,6,0.0
Control,6,15,False,False,False,Medium Forb/Herb,0,0.03488372093023256
Control,6,15,False,False,False,Medium Forb/Herb,3,0.05813953488372093
Control,6,15,False,False,False,Medium Forb/Herb,6,0.023255813953488372
Control,6,15,False,False,False,Medium Non-tufted grass/sedge,0,0.0
Control,6,15,False,False,False,Medium Non-tufted grass/sedge,3,0.0
Control,6,15,False,False,False,Medium Non-tufted grass/sedge,6,0.011627906976744186
Control,6,15,False,False,False,Medium Tufted grass/sedge,0,0.023255813953488372
Control,6,15,False,False,False,Medium Tufted grass/sedge,3,0.023255813953488372
Control,6,15,False,False,False,Medium Tufted grass/sedge,6,0.011627906976744186
Control,6,15,False,False,False,Prostrate or Mat-forming Forb/Herb,0,0.011627906976744186
Control,6,15,False,False,False,Prostrate or Mat-forming Forb/Herb,3,0.023255813953488372
Control,6,15,False,False,False,Prostrate or Mat-forming Forb/Herb,6,0.03488372093023256
Control,6,15,False,False,False,Small Non-tufted grass/sedge,0,0.011627906976744186
Control,6,15,False,False,False,Small Non-tufted grass/sedge,3,0.023255813953488372
Control,6,15,False,False,False,Small Non-tufted grass/sedge,6,0.011627906976744186
Control,6,15,False,False,False,Small Tufted grass/sedge,0,0.47674418604651164
Control,6,15,False,False,False,Small Tufted grass/sedge,3,0.12790697674418605
Control,6,15,False,False,False,Small Tufted grass/sedge,6,0.0
Control,6,15,False,False,True,Large Forb/Herb,0,0.12987012987012986
Control,6,15,False,False,True,Large Forb/Herb,3,0.12987012987012986
Control,6,15,False,False,True,Large Forb/Herb,6,0.5194805194805194
Control,6,15,False,False,True,Large Tufted grass/sedge,0,0.012987012987012988
Control,6,15,False,False,True,Large Tufted grass/sedge,3,0.012987012987012988
Control,6,15,False,False,True,Large Tufted grass/sedge,6,0.0
Control,6,15,False,False,True,Medium Forb/Herb,0,0.025974025974025976
Control,6,15,False,False,True,Medium Forb/Herb,3,0.012987012987012988
Control,6,15,False,False,True,Medium Forb/Herb,6,0.025974025974025976
Control,6,15,False,False,True,Medium Non-tufted grass/sedge,0,0.0
Control,6,15,False,False,True,Medium Non-tufted grass/sedge,3,0.025974025974025976
Control,6,15,False,False,True,Medium Non-tufted grass/sedge,6,0.0
Control,6,15,False,False,True,Prostrate or Mat-forming Forb/Herb,0,0.012987012987012988
Control,6,15,False,False,True,Prostrate or Mat-forming Forb/Herb,3,0.025974025974025976
Control,6,15,False,False,True,Prostrate or Mat-forming Forb/Herb,6,0.012987012987012988
Control,6,15,False,False,True,Small Forb/Herb,0,0.0
Control,6,15,False,False,True,Small Forb/Herb,3,0.012987012987012988
Control,6,15,False,False,True,Small Forb/Herb,6,0.0
Control,6,15,False,False,True,Small Tufted grass/sedge,0,0.0
Control,6,15,False,False,True,Small Tufted grass/sedge,3,0.0
Control,6,15,False,False,True,Small Tufted grass/sedge,6,0.03896103896103896
Control,6,16,False,False,False,Large Forb/Herb,0,0.15789473684210525
Control,6,16,False,False,False,Large Forb/Herb,3,0.0
Control,6,16,False,False,False,Large Forb/Herb,6,0.05263157894736842
Control,6,16,False,False,False,Large Tufted grass/sedge,0,0.05263157894736842
Control,6,16,False,False,False,Large Tufted grass/sedge,3,0.0
Control,6,16,False,False,False,Large Tufted grass/sedge,6,0.0
Control,6,16,False,False,False,Medium Forb/Herb,0,0.15789473684210525
Control,6,16,False,False,False,Medium Forb/Herb,3,0.15789473684210525
Control,6,16,False,False,False,Medium Forb/Herb,6,0.05263157894736842
Control,6,16,False,False,False,Medium Tufted grass/sedge,0,0.0
Control,6,16,False,False,False,Medium Tufted grass/sedge,3,0.05263157894736842
Control,6,16,False,False,False,Medium Tufted grass/sedge,6,0.0
Control,6,16,False,False,False,Prostrate or Mat-forming Forb/Herb,0,0.05263157894736842
Control,6,16,False,False,False,Prostrate or Mat-forming Forb/Herb,3,0.0
Control,6,16,False,False,False,Prostrate or Mat-forming Forb/Herb,6,0.05263157894736842
Control,6,16,False,False,False,Small Tufted grass/sedge,0,0.10526315789473684
Control,6,16,False,False,False,Small Tufted grass/sedge,3,0.05263157894736842
Control,6,16,False,False,False,Small Tufted grass/sedge,6,0.05263157894736842
Control,6,16,False,False,True,Large Tufted grass/sedge,0,0.1
Control,6,16,False,False,True,Large Tufted grass/sedge,3,0.0
Control,6,16,False,False,True,Large Tufted grass/sedge,6,0.1
Control,6,16,False,False,True,Medium Forb/Herb,0,0.1
Control,6,16,False,False,True,Medium Forb/Herb,3,0.0
Control,6,16,False,False,True,Medium Forb/Herb,6,0.1
Control,6,16,False,False,True,Medium Non-tufted grass/sedge,0,0.2
Control,6,16,False,False,True,Medium Non-tufted grass/sedge,3,0.1
Control,6,16,False,False,True,Medium Non-tufted grass/sedge,6,0.1
Control,6,16,False,False,True,Small Tufted grass/sedge,0,0.0
Control,6,16,False,False,True,Small Tufted grass/sedge,3,0.0
Control,6,16,False,False,True,Small Tufted grass/sedge,6,0.2
Control,11,1,False,False,False,Large Forb/Herb,0,0.03571428571428571
Control,11,1,False,False,False,Large Forb/Herb,3,0.05357142857142857
Control,11,1,False,False,False,Large Forb/Herb,6,0.03571428571428571
Control,11,1,False,False,False,Medium Forb/Herb,0,0.08928571428571429
Control,11,1,False,False,False,Medium Forb/Herb,3,0.125
Control,11,1,False,False,False,Medium Forb/Herb,6,0.08928571428571429
Control,11,1,False,False,False,Prostrate or Mat-forming Forb/Herb,0,0.03571428571428571
Control,11,1,False,False,False,Prostrate or Mat-forming Forb/Herb,3,0.017857142857142856
Control,11,1,False,False,False,Prostrate or Mat-forming Forb/Herb,6,0.05357142857142857
Control,11,1,False,False,False,Small Non-tufted grass/sedge,0,0.017857142857142856
Control,11,1,False,False,False,Small Non-tufted grass/sedge,3,0.03571428571428571
Control,11,1,False,False,False,Small Non-tufted grass/sedge,6,0.0
Control,11,1,False,False,False,Small Tufted grass/sedge,0,0.35714285714285715
Control,11,1,False,False,False,Small Tufted grass/sedge,3,0.05357142857142857
Control,11,1,False,False,False,Small Tufted grass/sedge,6,0.0
Control,11,1,False,False,True,Large Forb/Herb,0,0.0
Control,11,1,False,False,True,Large Forb/Herb,3,0.047619047619047616
Control,11,1,False,False,True,Large Forb/Herb,6,0.047619047619047616
Control,11,1,False,False,True,Medium Forb/Herb,0,0.0
Control,11,1,False,False,True,Medium Forb/Herb,3,0.047619047619047616
Control,11,1,False,False,True,Medium Forb/Herb,6,0.09523809523809523
Control,11,1,False,False,True,Medium Non-tufted grass/sedge,0,0.047619047619047616
Control,11,1,False,False,True,Medium Non-tufted grass/sedge,3,0.047619047619047616
Control,11,1,False,False,True,Medium Non-tufted grass/sedge,6,0.047619047619047616
Control,11,1,False,False,True,Prostrate or Mat-forming Forb/Herb,0,0.047619047619047616
Control,11,1,False,False,True,Prostrate or Mat-forming Forb/Herb,3,0.047619047619047616
Control,11,1,False,False,True,Prostrate or Mat-forming Forb/Herb,6,0.047619047619047616
Control,11,1,False,False,True,Small Tufted grass/sedge,0,0.0
Control,11,1,False,False,True,Small Tufted grass/sedge,3,0.0
Control,11,1,False,False,True,Small Tufted grass/sedge,6,0.47619047619047616
Control,11,2,False,False,False,Large Forb/Herb,0,0.0625
Control,11,2,False,False,False,Large Forb/Herb,3,0.020833333333333332
Control,11,2,False,False,False,Large Forb/Herb,6,0.020833333333333332
Control,11,2,False,False,False,Medium Forb/Herb,0,0.10416666666666667
Control,11,2,False,False,False,Medium Forb/Herb,3,0.1875
Control,11,2,False,False,False,Medium Forb/Herb,6,0.16666666666666666
Control,11,2,False,False,False,Prostrate or Mat-forming Forb/Herb,0,0.020833333333333332
Control,11,2,False,False,False,Prostrate or Mat-forming Forb/Herb,3,0.0
Control,11,2,False,False,False,Prostrate or Mat-forming Forb/Herb,6,0.0625
Control,11,2,False,False,False,Small Non-tufted grass/sedge,0,0.020833333333333332
Control,11,2,False,False,False,Small Non-tufted grass/sedge,3,0.020833333333333332
Control,11,2,False,False,False,Small Non-tufted grass/sedge,6,0.0
Control,11,2,False,False,False,Small Tufted grass/sedge,0,0.22916666666666666
Control,11,2,False,False,False,Small Tufted grass/sedge,3,0.0625
Control,11,2,False,False,False,Small Tufted grass/sedge,6,0.020833333333333332
Control,11,2,False,False,True,Large Forb/Herb,0,0.0
Control,11,2,False,False,True,Large Forb/Herb,3,0.045454545454545456
Control,11,2,False,False,True,Large Forb/Herb,6,0.0
Control,11,2,False,False,True,Large Tufted grass/sedge,0,0.045454545454545456
Control,11,2,False,False,True,Large Tufted grass/sedge,3,0.0
Control,11,2,False,False,True,Large Tufted grass/sedge,6,0.0
Control,11,2,False,False,True,Medium Forb/Herb,0,0.0
Control,11,2,False,False,True,Medium Forb/Herb,3,0.045454545454545456
Control,11,2,False,False,True,Medium Forb/Herb,6,0.09090909090909091
Control,11,2,False,False,True,Medium Non-tufted grass/sedge,0,0.045454545454545456
Control,11,2,False,False,True,Medium Non-tufted grass/sedge,3,0.045454545454545456
Control,11,2,False,False,True,Medium Non-tufted grass/sedge,6,0.045454545454545456
Control,11,2,False,False,True,Prostrate or Mat-forming Forb/Herb,0,0.45454545454545453
Control,11,2,False,False,True,Prostrate or Mat-forming Forb/Herb,3,0.09090909090909091
Control,11,2,False,False,True,Prostrate or Mat-forming Forb/Herb,6,0.0
Control,11,2,False,False,True,Small Tufted grass/sedge,0,0.045454545454545456
Control,11,2,False,False,True,Small Tufted grass/sedge,3,0.0
Control,11,2,False,False,True,Small Tufted grass/sedge,6,0.045454545454545456
Control,11,3,False,False,False,Large Forb/Herb,0,0.0425531914893617
Control,11,3,False,False,False,Large Forb/Herb,3,0.0
Control,11,3,False,False,False,Large Forb/Herb,6,0.0
Control,11,3,False,False,False,Medium Forb/Herb,0,0.1702127659574468
Control,11,3,False,False,False,Medium Forb/Herb,3,0.1702127659574468
Control,11,3,False,False,False,Medium Forb/Herb,6,0.19148936170212766
Control,11,3,False,False,False,Prostrate or Mat-forming Forb/Herb,0,0.02127659574468085
Control,11,3,False,False,False,Prostrate or Mat-forming Forb/Herb,3,0.02127659574468085
Control,11,3,False,False,False,Prostrate or Mat-forming Forb/Herb,6,0.06382978723404255
Control,11,3,False,False,False,Scrambler,0,0.02127659574468085
Control,11,3,False,False,False,Scrambler,3,0.0
Control,11,3,False,False,False,Scrambler,6,0.0
Control,11,3,False,False,False,Small Non-tufted grass/sedge,0,0.0425531914893617
Control,11,3,False,False,False,Small Non-tufted grass/sedge,3,0.02127659574468085
Control,11,3,False,False,False,Small Non-tufted grass/sedge,6,0.02127659574468085
Control,11,3,False,False,False,Small Tufted grass/sedge,0,0.0851063829787234
Control,11,3,False,False,False,Small Tufted grass/sedge,3,0.06382978723404255
Control,11,3,False,False,False,Small Tufted grass/sedge,6,0.06382978723404255
Control,11,3,False,False,True,Large Forb/Herb,0,0.0
Control,11,3,False,False,True,Large Forb/Herb,3,0.0
Control,11,3,False,False,True,Large Forb/Herb,6,0.034482758620689655
Control,11,3,False,False,True,Medium Non-tufted grass/sedge,0,0.06896551724137931
Control,11,3,False,False,True,Medium Non-tufted grass/sedge,3,0.06896551724137931
Control,11,3,False,False,True,Medium Non-tufted grass/sedge,6,0.034482758620689655
Control,11,3,False,False,True,Prostrate or Mat-forming Forb/Herb,0,0.06896551724137931
Control,11,3,False,False,True,Prostrate or Mat-forming Forb/Herb,3,0.6896551724137931
Control,11,3,False,False,True,Prostrate or Mat-forming Forb/Herb,6,0.0
Control,11,3,False,False,True,Small Tufted grass/sedge,0,0.0
Control,11,3,False,False,True,Small Tufted grass/sedge,3,0.0
Control,11,3,False,False,True,Small Tufted grass/sedge,6,0.034482758620689655
Control,11,4,False,False,False,Large Forb/Herb,0,0.010416666666666666
Control,11,4,False,False,False,Large Forb/Herb,3,0.020833333333333332
Control,11,4,False,False,False,Large Forb/Herb,6,0.041666666666666664
Control,11,4,False,False,False,Large Tufted grass/sedge,0,0.10416666666666667
Control,11,4,False,False,False,Large Tufted grass/sedge,3,0.020833333333333332
Control,11,4,False,False,False,Large Tufted grass/sedge,6,0.0
Control,11,4,False,False,False,Medium Forb/Herb,0,0.08333333333333333
Control,11,4,False,False,False,Medium Forb/Herb,3,0.09375
Control,11,4,False,False,False,Medium Forb/Herb,6,0.052083333333333336
Control,11,4,False,False,False,Medium Tufted grass/sedge,0,0.010416666666666666
Control,11,4,False,False,False,Medium Tufted grass/sedge,3,0.0
Control,11,4,False,False,False,Medium Tufted grass/sedge,6,0.020833333333333332
Control,11,4,False,False,False,Prostrate or Mat-forming Forb/Herb,0,0.010416666666666666
Control,11,4,False,False,False,Prostrate or Mat-forming Forb/Herb,3,0.010416666666666666
Control,11,4,False,False,False,Prostrate or Mat-forming Forb/Herb,6,0.020833333333333332
Control,11,4,False,False,False,Small Non-tufted grass/sedge,0,0.010416666666666666
Control,11,4,False,False,False,Small Non-tufted grass/sedge,3,0.010416666666666666
Control,11,4,False,False,False,Small Non-tufted grass/sedge,6,0.010416666666666666
Control,11,4,False,False,False,Small Tufted grass/sedge,0,0.4270833333333333
Control,11,4,False,False,False,Small Tufted grass/sedge,3,0.03125
Control,11,4,False,False,False,Small Tufted grass/sedge,6,0.010416666666666666
Control,11,4,False,False,True,Large Forb/Herb,0,0.011764705882352941
Control,11,4,False,False,True,Large Forb/Herb,3,0.011764705882352941
Control,11,4,False,False,True,Large Forb/Herb,6,0.023529411764705882
Control,11,4,False,False,True,Medium Forb/Herb,0,0.0
Control,11,4,False,False,True,Medium Forb/Herb,3,0.011764705882352941
Control,11,4,False,False,True,Medium Forb/Herb,6,0.03529411764705882
Control,11,4,False,False,True,Medium Non-tufted grass/sedge,0,0.7058823529411765
Control,11,4,False,False,True,Medium Non-tufted grass/sedge,3,0.11764705882352941
Control,11,4,False,False,True,Medium Non-tufted grass/sedge,6,0.023529411764705882
Control,11,4,False,False,True,Prostrate or Mat-forming Forb/Herb,0,0.023529411764705882
Control,11,4,False,False,True,Prostrate or Mat-forming Forb/Herb,3,0.023529411764705882
Control,11,4,False,False,True,Prostrate or Mat-forming Forb/Herb,6,0.0
Control,11,4,False,False,True,Small Tufted grass/sedge,0,0.0
Control,11,4,False,False,True,Small Tufted grass/sedge,3,0.0
Control,11,4,False,False,True,Small Tufted grass/sedge,6,0.011764705882352941
Control,11,5,False,False,False,Large Forb/Herb,0,0.04285714285714286
Control,11,5,False,False,False,Large Forb/Herb,3,0.02857142857142857
Control,11,5,False,False,False,Large Forb/Herb,6,0.014285714285714285
Control,11,5,False,False,False,Medium Forb/Herb,0,0.11428571428571428
Control,11,5,False,False,False,Medium Forb/Herb,3,0.05714285714285714
Control,11,5,False,False,False,Medium Forb/Herb,6,0.02857142857142857
Control,11,5,False,False,False,Medium Tufted grass/sedge,0,0.0
Control,11,5,False,False,False,Medium Tufted grass/sedge,3,0.0
Control,11,5,False,False,False,Medium Tufted grass/sedge,6,0.014285714285714285
Control,11,5,False,False,False,Prostrate or Mat-forming Forb/Herb,0,0.0
Control,11,5,False,False,False,Prostrate or Mat-forming Forb/Herb,3,0.0
Control,11,5,False,False,False,Prostrate or Mat-forming Forb/Herb,6,0.014285714285714285
Control,11,5,False,False,False,Scrambler,0,0.0
Control,11,5,False,False,False,Scrambler,3,0.0
Control,11,5,False,False,False,Scrambler,6,0.014285714285714285
Control,11,5,False,False,False,Small Non-tufted grass/sedge,0,0.014285714285714285
Control,11,5,False,False,False,Small Non-tufted grass/sedge,3,0.014285714285714285
Control,11,5,False,False,False,Small Non-tufted grass/sedge,6,0.0
Control,11,5,False,False,False,Small Tufted grass/sedge,0,0.5857142857142857
Control,11,5,False,False,False,Small Tufted grass/sedge,3,0.02857142857142857
Control,11,5,False,False,False,Small Tufted grass/sedge,6,0.02857142857142857
Control,11,5,False,False,True,Medium Forb/Herb,0,0.011049723756906077
Control,11,5,False,False,True,Medium Forb/Herb,3,0.011049723756906077
Control,11,5,False,False,True,Medium Forb/Herb,6,0.011049723756906077
Control,11,5,False,False,True,Medium Non-tufted grass/sedge,0,0.055248618784530384
Control,11,5,False,False,True,Medium Non-tufted grass/sedge,3,0.011049723756906077
Control,11,5,False,False,True,Medium Non-tufted grass/sedge,6,0.0055248618784530384
Control,11,5,False,False,True,Prostrate or Mat-forming Forb/Herb,0,0.5524861878453039
Control,11,5,False,False,True,Prostrate or Mat-forming Forb/Herb,3,0.3314917127071823
Control,11,5,False,False,True,Prostrate or Mat-forming Forb/Herb,6,0.0055248618784530384
Control,11,5,False,False,True,Small Tufted grass/sedge,0,0.0
Control,11,5,False,False,True,Small Tufted grass/sedge,3,0.0
Control,11,5,False,False,True,Small Tufted grass/sedge,6,0.0055248618784530384
Control,11,6,False,False,False,Large Forb/Herb,0,0.003968253968253968
Control,11,6,False,False,False,Large Forb/Herb,3,0.007936507936507936
Control,11,6,False,False,False,Large Forb/Herb,6,0.011904761904761904
Control,11,6,False,False,False,Medium Forb/Herb,0,0.015873015873015872
Control,11,6,False,False,False,Medium Forb/Herb,3,0.031746031746031744
Control,11,6,False,False,False,Medium Forb/Herb,6,0.031746031746031744
Control,11,6,False,False,False,Medium Tufted grass/sedge,0,0.0
Control,11,6,False,False,False,Medium Tufted grass/sedge,3,0.003968253968253968
Control,11,6,False,False,False,Medium Tufted grass/sedge,6,0.3968253968253968
Control,11,6,False,False,False,Prostrate or Mat-forming Forb/Herb,0,0.003968253968253968
Control,11,6,False,False,False,Prostrate or Mat-forming Forb/Herb,3,0.0
Control,11,6,False,False,False,Prostrate or Mat-forming Forb/Herb,6,0.003968253968253968
Control,11,6,False,False,False,Small Non-tufted grass/sedge,0,0.0
Control,11,6,False,False,False,Small Non-tufted grass/sedge,3,0.003968253968253968
Control,11,6,False,False,False,Small Non-tufted grass/sedge,6,0.0
Control,11,6,False,False,False,Small Tufted grass/sedge,0,0.3968253968253968
Control,11,6,False,False,False,Small Tufted grass/sedge,3,0.07936507936507936
Control,11,6,False,False,False,Small Tufted grass/sedge,6,0.007936507936507936
Control,11,6,False,False,True,Large Forb/Herb,0,0.0
Control,11,6,False,False,True,Large Forb/Herb,3,0.0625
Control,11,6,False,False,True,Large Forb/Herb,6,0.125
Control,11,6,False,False,True,Medium Forb/Herb,0,0.0
Control,11,6,False,False,True,Medium Forb/Herb,3,0.0625
Control,11,6,False,False,True,Medium Forb/Herb,6,0.125
Control,11,6,False,False,True,Medium Non-tufted grass/sedge,0,0.125
Control,11,6,False,False,True,Medium Non-tufted grass/sedge,3,0.0625
Control,11,6,False,False,True,Medium Non-tufted grass/sedge,6,0.0625
Control,11,6,False,False,True,Prostrate or Mat-forming Forb/Herb,0,0.125
Control,11,6,False,False,True,Prostrate or Mat-forming Forb/Herb,3,0.125
Control,11,6,False,False,True,Prostrate or Mat-forming Forb/Herb,6,0.0
Control,11,6,False,False,True,Small Tufted grass/sedge,0,0.0
Control,11,6,False,False,True,Small Tufted grass/sedge,3,0.0
Control,11,6,False,False,True,Small Tufted grass/sedge,6,0.125
Control,11,7,False,False,False,Climber,0,0.0
Control,11,7,False,False,False,Climber,3,0.0
Control,11,7,False,False,False,Climber,6,0.02631578947368421
Control,11,7,False,False,False,Large Forb/Herb,0,0.0
Control,11,7,False,False,False,Large Forb/Herb,3,0.05263157894736842
Control,11,7,False,False,False,Large Forb/Herb,6,0.0
Control,11,7,False,False,False,Medium Forb/Herb,0,0.10526315789473684
Control,11,7,False,False,False,Medium Forb/Herb,3,0.10526315789473684
Control,11,7,False,False,False,Medium Forb/Herb,6,0.13157894736842105
Control,11,7,False,False,False,Medium Tufted grass/sedge,0,0.0
Control,11,7,False,False,False,Medium Tufted grass/sedge,3,0.0
Control,11,7,False,False,False,Medium Tufted grass/sedge,6,0.02631578947368421
Control,11,7,False,False,False,Scrambler,0,0.0
Control,11,7,False,False,False,Scrambler,3,0.0
Control,11,7,False,False,False,Scrambler,6,0.02631578947368421
Control,11,7,False,False,False,Small Non-tufted grass/sedge,0,0.02631578947368421
Control,11,7,False,False,False,Small Non-tufted grass/sedge,3,0.02631578947368421
Control,11,7,False,False,False,Small Non-tufted grass/sedge,6,0.02631578947368421
Control,11,7,False,False,False,Small Tufted grass/sedge,0,0.2894736842105263
Control,11,7,False,False,False,Small Tufted grass/sedge,3,0.10526315789473684
Control,11,7,False,False,False,Small Tufted grass/sedge,6,0.05263157894736842
Control,11,7,False,False,True,Medium Forb/Herb,0,0.003968253968253968
Control,11,7,False,False,True,Medium Forb/Herb,3,0.003968253968253968
Control,11,7,False,False,True,Medium Forb/Herb,6,0.007936507936507936
Control,11,7,False,False,True,Medium Non-tufted grass/sedge,0,0.007936507936507936
Control,11,7,False,False,True,Medium Non-tufted grass/sedge,3,0.007936507936507936
Control,11,7,False,False,True,Medium Non-tufted grass/sedge,6,0.007936507936507936
Control,11,7,False,False,True,Prostrate or Mat-forming Forb/Herb,0,0.5555555555555556
Control,11,7,False,False,True,Prostrate or Mat-forming Forb/Herb,3,0.3968253968253968
Control,11,7,False,False,True,Prostrate or Mat-forming Forb/Herb,6,0.0
Control,11,7,False,False,True,Small Tufted grass/sedge,0,0.0
Control,11,7,False,False,True,Small Tufted grass/sedge,3,0.0
Control,11,7,False,False,True,Small Tufted grass/sedge,6,0.007936507936507936
Control,11,8,False,False,False,Large Forb/Herb,0,0.019230769230769232
Control,11,8,False,False,False,Large Forb/Herb,3,0.038461538461538464
Control,11,8,False,False,False,Large Forb/Herb,6,0.0
Control,11,8,False,False,False,Medium Forb/Herb,0,0.09615384615384616
Control,11,8,False,False,False,Medium Forb/Herb,3,0.07692307692307693
Control,11,8,False,False,False,Medium Forb/Herb,6,0.07692307692307693
Control,11,8,False,False,False,Prostrate or Mat-forming Forb/Herb,0,0.038461538461538464
Control,11,8,False,False,False,Prostrate or Mat-forming Forb/Herb,3,0.0
Control,11,8,False,False,False,Prostrate or Mat-forming Forb/Herb,6,0.057692307692307696
Control,11,8,False,False,False,Small Non-tufted grass/sedge,0,0.038461538461538464
Control,11,8,False,False,False,Small Non-tufted grass/sedge,3,0.038461538461538464
Control,11,8,False,False,False,Small Non-tufted grass/sedge,6,0.019230769230769232
Control,11,8,False,False,False,Small Tufted grass/sedge,0,0.40384615384615385
Control,11,8,False,False,False,Small Tufted grass/sedge,3,0.057692307692307696
Control,11,8,False,False,False,Small Tufted grass/sedge,6,0.038461538461538464
Control,11,8,False,False,True,Large Forb/Herb,0,0.025
Control,11,8,False,False,True,Large Forb/Herb,3,0.025
Control,11,8,False,False,True,Large Forb/Herb,6,0.025
Control,11,8,False,False,True,Medium Forb/Herb,0,0.0
Control,11,8,False,False,True,Medium Forb/Herb,3,0.0
Control,11,8,False,False,True,Medium Forb/Herb,6,0.075
Control,11,8,False,False,True,Medium Non-tufted grass/sedge,0,0.5
Control,11,8,False,False,True,Medium Non-tufted grass/sedge,3,0.025
Control,11,8,False,False,True,Medium Non-tufted grass/sedge,6,0.025
Control,11,8,False,False,True,Prostrate or Mat-forming Forb/Herb,0,0.025
Control,11,8,False,False,True,Prostrate or Mat-forming Forb/Herb,3,0.25
Control,11,8,False,False,True,Prostrate or Mat-forming Forb/Herb,6,0.0
Control,11,8,False,False,True,Small Tufted grass/sedge,0,0.0
Control,11,8,False,False,True,Small Tufted grass/sedge,3,0.0
Control,11,8,False,False,True,Small Tufted grass/sedge,6,0.025
Control,11,9,False,False,False,Large Forb/Herb,0,0.05172413793103448
Control,11,9,False,False,False,Large Forb/Herb,3,0.034482758620689655
Control,11,9,False,False,False,Large Forb/Herb,6,0.034482758620689655
Control,11,9,False,False,False,Large Tufted grass/sedge,0,0.034482758620689655
Control,11,9,False,False,False,Large Tufted grass/sedge,3,0.017241379310344827
Control,11,9,False,False,False,Large Tufted grass/sedge,6,0.017241379310344827
Control,11,9,False,False,False,Medium Forb/Herb,0,0.06896551724137931
Control,11,9,False,False,False,Medium Forb/Herb,3,0.08620689655172414
Control,11,9,False,False,False,Medium Forb/Herb,6,0.06896551724137931
Control,11,9,False,False,False,Medium Tufted grass/sedge,0,0.034482758620689655
Control,11,9,False,False,False,Medium Tufted grass/sedge,3,0.034482758620689655
Control,11,9,False,False,False,Medium Tufted grass/sedge,6,0.05172413793103448
Control,11,9,False,False,False,Prostrate or Mat-forming Forb/Herb,0,0.017241379310344827
Control,11,9,False,False,False,Prostrate or Mat-forming Forb/Herb,3,0.017241379310344827
Control,11,9,False,False,False,Prostrate or Mat-forming Forb/Herb,6,0.017241379310344827
Control,11,9,False,False,False,Small Tufted grass/sedge,0,0.3448275862068966
Control,11,9,False,False,False,Small Tufted grass/sedge,3,0.05172413793103448
Control,11,9,False,False,False,Small Tufted grass/sedge,6,0.017241379310344827
Control,11,9,False,False,True,Large Forb/Herb,0,0.14925373134328357
Control,11,9,False,False,True,Large Forb/Herb,3,0.29850746268656714
Control,11,9,False,False,True,Large Forb/Herb,6,0.29850746268656714
Control,11,9,False,False,True,Medium Forb/Herb,0,0.014925373134328358
Control,11,9,False,False,True,Medium Forb/Herb,3,0.0
Control,11,9,False,False,True,Medium Forb/Herb,6,0.014925373134328358
Control,11,9,False,False,True,Medium Non-tufted grass/sedge,0,0.014925373134328358
Control,11,9,False,False,True,Medium Non-tufted grass/sedge,3,0.007462686567164179
Control,11,9,False,False,True,Medium Non-tufted grass/sedge,6,0.007462686567164179
Control,11,9,False,False,True,Prostrate or Mat-forming Forb/Herb,0,0.014925373134328358
Control,11,9,False,False,True,Prostrate or Mat-forming Forb/Herb,3,0.14925373134328357
Control,11,9,False,False,True,Prostrate or Mat-forming Forb/Herb,6,0.007462686567164179
Control,11,9,False,False,True,Small Forb/Herb,0,0.007462686567164179
Control,11,9,False,False,True,Small Forb/Herb,3,0.0
Control,11,9,False,False,True,Small Forb/Herb,6,0.0
Control,11,9,False,False,True,Small Tufted grass/sedge,0,0.0
Control,11,9,False,False,True,Small Tufted grass/sedge,3,0.0
Control,11,9,False,False,True,Small Tufted grass/sedge,6,0.014925373134328358
Control,11,10,False,False,False,Large Forb/Herb,0,0.010752688172043012
Control,11,10,False,False,False,Large Forb/Herb,3,0.010752688172043012
Control,11,10,False,False,False,Large Forb/Herb,6,0.021505376344086023
Control,11,10,False,False,False,Large Tufted grass/sedge,0,0.43010752688172044
Control,11,10,False,False,False,Large Tufted grass/sedge,3,0.10752688172043011
Control,11,10,False,False,False,Large Tufted grass/sedge,6,0.0
Control,11,10,False,False,False,Medium Forb/Herb,0,0.07526881720430108
Control,11,10,False,False,False,Medium Forb/Herb,3,0.06451612903225806
Control,11,10,False,False,False,Medium Forb/Herb,6,0.03225806451612903
Control,11,10,False,False,False,Medium Tufted grass/sedge,0,0.0
Control,11,10,False,False,False,Medium Tufted grass/sedge,3,0.0
Control,11,10,False,False,False,Medium Tufted grass/sedge,6,0.021505376344086023
Control,11,10,False,False,False,Prostrate or Mat-forming Forb/Herb,0,0.010752688172043012
Control,11,10,False,False,False,Prostrate or Mat-forming Forb/Herb,3,0.0
Control,11,10,False,False,False,Prostrate or Mat-forming Forb/Herb,6,0.010752688172043012
Control,11,10,False,False,False,Scrambler,0,0.010752688172043012
Control,11,10,False,False,False,Scrambler,3,0.0
Control,11,10,False,False,False,Scrambler,6,0.0
Control,11,10,False,False,False,Small Non-tufted grass/sedge,0,0.010752688172043012
Control,11,10,False,False,False,Small Non-tufted grass/sedge,3,0.010752688172043012
Control,11,10,False,False,False,Small Non-tufted grass/sedge,6,0.0
Control,11,10,False,False,False,Small Tufted grass/sedge,0,0.11827956989247312
Control,11,10,False,False,False,Small Tufted grass/sedge,3,0.03225806451612903
Control,11,10,False,False,False,Small Tufted grass/sedge,6,0.021505376344086023
Control,11,10,False,False,True,Large Forb/Herb,0,0.0
Control,11,10,False,False,True,Large Forb/Herb,3,0.045454545454545456
Control,11,10,False,False,True,Large Forb/Herb,6,0.0
Control,11,10,False,False,True,Medium Forb/Herb,0,0.0
Control,11,10,False,False,True,Medium Forb/Herb,3,0.045454545454545456
Control,11,10,False,False,True,Medium Forb/Herb,6,0.09090909090909091
Control,11,10,False,False,True,Medium Non-tufted grass/sedge,0,0.45454545454545453
Control,11,10,False,False,True,Medium Non-tufted grass/sedge,3,0.09090909090909091
Control,11,10,False,False,True,Medium Non-tufted grass/sedge,6,0.09090909090909091
Control,11,10,False,False,True,Prostrate or Mat-forming Forb/Herb,0,0.0
Control,11,10,False,False,True,Prostrate or Mat-forming Forb/Herb,3,0.09090909090909091
Control,11,10,False,False,True,Prostrate or Mat-forming Forb/Herb,6,0.0
Control,11,10,False,False,True,Small Forb/Herb,0,0.045454545454545456
Control,11,10,False,False,True,Small Forb/Herb,3,0.0
Control,11,10,False,False,True,Small Forb/Herb,6,0.045454545454545456
Control,11,11,False,False,False,Large Forb/Herb,0,0.03488372093023256
Control,11,11,False,False,False,Large Forb/Herb,3,0.023255813953488372
Control,11,11,False,False,False,Large Forb/Herb,6,0.03488372093023256
Control,11,11,False,False,False,Large Tufted grass/sedge,0,0.0
Control,11,11,False,False,False,Large Tufted grass/sedge,3,0.011627906976744186
Control,11,11,False,False,False,Large Tufted grass/sedge,6,0.0
Control,11,11,False,False,False,Medium Forb/Herb,0,0.09302325581395349
Control,11,11,False,False,False,Medium Forb/Herb,3,0.10465116279069768
Control,11,11,False,False,False,Medium Forb/Herb,6,0.05813953488372093
Control,11,11,False,False,False,Medium Tufted grass/sedge,0,0.023255813953488372
Control,11,11,False,False,False,Medium Tufted grass/sedge,3,0.023255813953488372
Control,11,11,False,False,False,Medium Tufted grass/sedge,6,0.011627906976744186
Control,11,11,False,False,False,Prostrate or Mat-forming Forb/Herb,0,0.0
Control,11,11,False,False,False,Prostrate or Mat-forming Forb/Herb,3,0.0
Control,11,11,False,False,False,Prostrate or Mat-forming Forb/Herb,6,0.023255813953488372
Control,11,11,False,False,False,Small Non-tufted grass/sedge,0,0.011627906976744186
Control,11,11,False,False,False,Small Non-tufted grass/sedge,3,0.011627906976744186
Control,11,11,False,False,False,Small Non-tufted grass/sedge,6,0.0
Control,11,11,False,False,False,Small Tufted grass/sedge,0,0.4883720930232558
Control,11,11,False,False,False,Small Tufted grass/sedge,3,0.023255813953488372
Control,11,11,False,False,False,Small Tufted grass/sedge,6,0.023255813953488372
Control,11,11,False,False,True,Large Forb/Herb,0,0.0
Control,11,11,False,False,True,Large Forb/Herb,3,0.0
Control,11,11,False,False,True,Large Forb/Herb,6,0.007194244604316547
Control,11,11,False,False,True,Medium Forb/Herb,0,0.014388489208633094
Control,11,11,False,False,True,Medium Forb/Herb,3,0.0
Control,11,11,False,False,True,Medium Forb/Herb,6,0.014388489208633094
Control,11,11,False,False,True,Medium Non-tufted grass/sedge,0,0.8633093525179856
Control,11,11,False,False,True,Medium Non-tufted grass/sedge,3,0.014388489208633094
Control,11,11,False,False,True,Medium Non-tufted grass/sedge,6,0.014388489208633094
Control,11,11,False,False,True,Prostrate or Mat-forming Forb/Herb,0,0.014388489208633094
Control,11,11,False,False,True,Prostrate or Mat-forming Forb/Herb,3,0.014388489208633094
Control,11,11,False,False,True,Prostrate or Mat-forming Forb/Herb,6,0.007194244604316547
Control,11,11,False,False,True,Small Forb/Herb,0,0.007194244604316547
Control,11,11,False,False,True,Small Forb/Herb,3,0.0
Control,11,11,False,False,True,Small Forb/Herb,6,0.007194244604316547
Control,11,11,False,False,True,Small Tufted grass/sedge,0,0.0
Control,11,11,False,False,True,Small Tufted grass/sedge,3,0.0
Control,11,11,False,False,True,Small Tufted grass/sedge,6,0.02158273381294964
Control,11,12,False,False,False,Large Forb/Herb,0,0.021739130434782608
Control,11,12,False,False,False,Large Forb/Herb,3,0.010869565217391304
Control,11,12,False,False,False,Large Forb/Herb,6,0.03260869565217391
Control,11,12,False,False,False,Large Tufted grass/sedge,0,0.010869565217391304
Control,11,12,False,False,False,Large Tufted grass/sedge,3,0.0
Control,11,12,False,False,False,Large Tufted grass/sedge,6,0.0
Control,11,12,False,False,False,Medium Forb/Herb,0,0.05434782608695652
Control,11,12,False,False,False,Medium Forb/Herb,3,0.05434782608695652
Control,11,12,False,False,False,Medium Forb/Herb,6,0.03260869565217391
Control,11,12,False,False,False,Medium Tufted grass/sedge,0,0.021739130434782608
Control,11,12,False,False,False,Medium Tufted grass/sedge,3,0.0
Control,11,12,False,False,False,Medium Tufted grass/sedge,6,0.021739130434782608
Control,11,12,False,False,False,Prostrate or Mat-forming Forb/Herb,0,0.010869565217391304
Control,11,12,False,False,False,Prostrate or Mat-forming Forb/Herb,3,0.0
Control,11,12,False,False,False,Prostrate or Mat-forming Forb/Herb,6,0.010869565217391304
Control,11,12,False,False,False,Small Non-tufted grass/sedge,0,0.010869565217391304
Control,11,12,False,False,False,Small Non-tufted grass/sedge,3,0.010869565217391304
Control,11,12,False,False,False,Small Non-tufted grass/sedge,6,0.0
Control,11,12,False,False,False,Small Tufted grass/sedge,0,0.6630434782608695
Control,11,12,False,False,False,Small Tufted grass/sedge,3,0.021739130434782608
Control,11,12,False,False,False,Small Tufted grass/sedge,6,0.010869565217391304
Control,11,12,False,False,True,Large Tufted grass/sedge,0,0.010309278350515464
Control,11,12,False,False,True,Large Tufted grass/sedge,3,0.0
Control,11,12,False,False,True,Large Tufted grass/sedge,6,0.0
Control,11,12,False,False,True,Medium Forb/Herb,0,0.020618556701030927
Control,11,12,False,False,True,Medium Forb/Herb,3,0.0
Control,11,12,False,False,True,Medium Forb/Herb,6,0.020618556701030927
Control,11,12,False,False,True,Medium Non-tufted grass/sedge,0,0.41237113402061853
Control,11,12,False,False,True,Medium Non-tufted grass/sedge,3,0.0
Control,11,12,False,False,True,Medium Non-tufted grass/sedge,6,0.10309278350515463
Control,11,12,False,False,True,Prostrate or Mat-forming Forb/Herb,0,0.41237113402061853
Control,11,12,False,False,True,Prostrate or Mat-forming Forb/Herb,3,0.0
Control,11,12,False,False,True,Prostrate or Mat-forming Forb/Herb,6,0.0
Control,11,12,False,False,True,Small Tufted grass/sedge,0,0.0
Control,11,12,False,False,True,Small Tufted grass/sedge,3,0.0
Control,11,12,False,False,True,Small Tufted grass/sedge,6,0.020618556701030927
Control,11,13,False,False,False,Large Forb/Herb,0,0.0
Control,11,13,False,False,False,Large Forb/Herb,3,0.014084507042253521
Control,11,13,False,False,False,Large Forb/Herb,6,0.056338028169014086
Control,11,13,False,False,False,Medium Forb/Herb,0,0.028169014084507043
Control,11,13,False,False,False,Medium Forb/Herb,3,0.09859154929577464
Control,11,13,False,False,False,Medium Forb/Herb,6,0.07042253521126761
Control,11,13,False,False,False,Prostrate or Mat-forming Forb/Herb,0,0.014084507042253521
Control,11,13,False,False,False,Prostrate or Mat-forming Forb/Herb,3,0.0
Control,11,13,False,False,False,Prostrate or Mat-forming Forb/Herb,6,0.04225352112676056
Control,11,13,False,False,False,Small Non-tufted grass/sedge,0,0.014084507042253521
Control,11,13,False,False,False,Small Non-tufted grass/sedge,3,0.014084507042253521
Control,11,13,False,False,False,Small Non-tufted grass/sedge,6,0.0
Control,11,13,False,False,False,Small Tufted grass/sedge,0,0.5915492957746479
Control,11,13,False,False,False,Small Tufted grass/sedge,3,0.028169014084507043
Control,11,13,False,False,False,Small Tufted grass/sedge,6,0.028169014084507043
Control,11,13,False,False,True,Large Forb/Herb,0,0.21621621621621623
Control,11,13,False,False,True,Large Forb/Herb,3,0.21621621621621623
Control,11,13,False,False,True,Large Forb/Herb,6,0.32432432432432434
Control,11,13,False,False,True,Medium Forb/Herb,0,0.010810810810810811
Control,11,13,False,False,True,Medium Forb/Herb,3,0.010810810810810811
Control,11,13,False,False,True,Medium Forb/Herb,6,0.021621621621621623
Control,11,13,False,False,True,Medium Non-tufted grass/sedge,0,0.05405405405405406
Control,11,13,False,False,True,Medium Non-tufted grass/sedge,3,0.005405405405405406
Control,11,13,False,False,True,Medium Non-tufted grass/sedge,6,0.005405405405405406
Control,11,13,False,False,True,Prostrate or Mat-forming Forb/Herb,0,0.10810810810810811
Control,11,13,False,False,True,Prostrate or Mat-forming Forb/Herb,3,0.010810810810810811
Control,11,13,False,False,True,Prostrate or Mat-forming Forb/Herb,6,0.0
Control,11,13,False,False,True,Small Tufted grass/sedge,0,0.005405405405405406
Control,11,13,False,False,True,Small Tufted grass/sedge,3,0.0
Control,11,13,False,False,True,Small Tufted grass/sedge,6,0.010810810810810811
Control,11,14,False,False,False,Large Forb/Herb,0,0.09090909090909091
Control,11,14,False,False,False,Large Forb/Herb,3,0.030303030303030304
Control,11,14,False,False,False,Large Forb/Herb,6,0.030303030303030304
Control,11,14,False,False,False,Medium Forb/Herb,0,0.18181818181818182
Control,11,14,False,False,False,Medium Forb/Herb,3,0.18181818181818182
Control,11,14,False,False,False,Medium Forb/Herb,6,0.09090909090909091
Control,11,14,False,False,False,Medium Tufted grass/sedge,0,0.0
Control,11,14,False,False,False,Medium Tufted grass/sedge,3,0.030303030303030304
Control,11,14,False,False,False,Medium Tufted grass/sedge,6,0.030303030303030304
Control,11,14,False,False,False,Prostrate or Mat-forming Forb/Herb,0,0.06060606060606061
Control,11,14,False,False,False,Prostrate or Mat-forming Forb/Herb,3,0.0
Control,11,14,False,False,False,Prostrate or Mat-forming Forb/Herb,6,0.030303030303030304
Control,11,14,False,False,False,Small Non-tufted grass/sedge,0,0.030303030303030304
Control,11,14,False,False,False,Small Non-tufted grass/sedge,3,0.06060606060606061
Control,11,14,False,False,False,Small Non-tufted grass/sedge,6,0.0
Control,11,14,False,False,False,Small Tufted grass/sedge,0,0.030303030303030304
Control,11,14,False,False,False,Small Tufted grass/sedge,3,0.09090909090909091
Control,11,14,False,False,False,Small Tufted grass/sedge,6,0.030303030303030304
Control,11,14,False,False,True,Large Forb/Herb,0,0.20833333333333334
Control,11,14,False,False,True,Large Forb/Herb,3,0.20833333333333334
Control,11,14,False,False,True,Large Forb/Herb,6,0.4166666666666667
Control,11,14,False,False,True,Medium Forb/Herb,0,0.03125
Control,11,14,False,False,True,Medium Forb/Herb,3,0.020833333333333332
Control,11,14,False,False,True,Medium Forb/Herb,6,0.020833333333333332
Control,11,14,False,False,True,Medium Non-tufted grass/sedge,0,0.0
Control,11,14,False,False,True,Medium Non-tufted grass/sedge,3,0.010416666666666666
Control,11,14,False,False,True,Medium Non-tufted grass/sedge,6,0.010416666666666666
Control,11,14,False,False,True,Prostrate or Mat-forming Forb/Herb,0,0.020833333333333332
Control,11,14,False,False,True,Prostrate or Mat-forming Forb/Herb,3,0.020833333333333332
Control,11,14,False,False,True,Prostrate or Mat-forming Forb/Herb,6,0.010416666666666666
Control,11,14,False,False,True,Small Tufted grass/sedge,0,0.0
Control,11,14,False,False,True,Small Tufted grass/sedge,3,0.0
Control,11,14,False,False,True,Small Tufted grass/sedge,6,0.020833333333333332
Control,11,15,False,False,False,Large Forb/Herb,0,0.025
Control,11,15,False,False,False,Large Forb/Herb,3,0.0
Control,11,15,False,False,False,Large Forb/Herb,6,0.0125
Control,11,15,False,False,False,Medium Forb/Herb,0,0.1
Control,11,15,False,False,False,Medium Forb/Herb,3,0.0875
Control,11,15,False,False,False,Medium Forb/Herb,6,0.0875
Control,11,15,False,False,False,Medium Non-tufted grass/sedge,0,0.0
Control,11,15,False,False,False,Medium Non-tufted grass/sedge,3,0.0
Control,11,15,False,False,False,Medium Non-tufted grass/sedge,6,0.025
Control,11,15,False,False,False,Prostrate or Mat-forming Forb/Herb,0,0.0125
Control,11,15,False,False,False,Prostrate or Mat-forming Forb/Herb,3,0.0
Control,11,15,False,False,False,Prostrate or Mat-forming Forb/Herb,6,0.0375
Control,11,15,False,False,False,Scrambler,0,0.0125
Control,11,15,False,False,False,Scrambler,3,0.0
Control,11,15,False,False,False,Scrambler,6,0.0
Control,11,15,False,False,False,Small Non-tufted grass/sedge,0,0.0125
Control,11,15,False,False,False,Small Non-tufted grass/sedge,3,0.0125
Control,11,15,False,False,False,Small Non-tufted grass/sedge,6,0.0
Control,11,15,False,False,False,Small Tufted grass/sedge,0,0.5125
Control,11,15,False,False,False,Small Tufted grass/sedge,3,0.0375
Control,11,15,False,False,False,Small Tufted grass/sedge,6,0.025
Control,11,15,False,False,True,Large Forb/Herb,0,0.0
Control,11,15,False,False,True,Large Forb/Herb,3,0.0
Control,11,15,False,False,True,Large Forb/Herb,6,0.7317073170731707
Control,11,15,False,False,True,Medium Forb/Herb,0,0.0
Control,11,15,False,False,True,Medium Forb/Herb,3,0.0
Control,11,15,False,False,True,Medium Forb/Herb,6,0.036585365853658534
Control,11,15,False,False,True,Medium Non-tufted grass/sedge,0,0.12195121951219512
Control,11,15,False,False,True,Medium Non-tufted grass/sedge,3,0.012195121951219513
Control,11,15,False,False,True,Medium Non-tufted grass/sedge,6,0.012195121951219513
Control,11,15,False,False,True,Prostrate or Mat-forming Forb/Herb,0,0.024390243902439025
Control,11,15,False,False,True,Prostrate or Mat-forming Forb/Herb,3,0.024390243902439025
Control,11,15,False,False,True,Prostrate or Mat-forming Forb/Herb,6,0.0
Control,11,15,False,False,True,Small Tufted grass/sedge,0,0.0
Control,11,15,False,False,True,Small Tufted grass/sedge,3,0.0
Control,11,15,False,False,True,Small Tufted grass/sedge,6,0.036585365853658534
Control,11,16,False,False,False,Large Forb/Herb,0,0.018518518518518517
Control,11,16,False,False,False,Large Forb/Herb,3,0.05555555555555555
Control,11,16,False,False,False,Large Forb/Herb,6,0.2037037037037037
Control,11,16,False,False,False,Large Tufted grass/sedge,0,0.018518518518518517
Control,11,16,False,False,False,Large Tufted grass/sedge,3,0.0
Control,11,16,False,False,False,Large Tufted grass/sedge,6,0.0
Control,11,16,False,False,False,Medium Forb/Herb,0,0.09259259259259259
Control,11,16,False,False,False,Medium Forb/Herb,3,0.16666666666666666
Control,11,16,False,False,False,Medium Forb/Herb,6,0.12962962962962962
Control,11,16,False,False,False,Medium Tufted grass/sedge,0,0.018518518518518517
Control,11,16,False,False,False,Medium Tufted grass/sedge,3,0.018518518518518517
Control,11,16,False,False,False,Medium Tufted grass/sedge,6,0.037037037037037035
Control,11,16,False,False,False,Prostrate or Mat-forming Forb/Herb,0,0.037037037037037035
Control,11,16,False,False,False,Prostrate or Mat-forming Forb/Herb,3,0.018518518518518517
Control,11,16,False,False,False,Prostrate or Mat-forming Forb/Herb,6,0.05555555555555555
Control,11,16,False,False,False,Small Non-tufted grass/sedge,0,0.0
Control,11,16,False,False,False,Small Non-tufted grass/sedge,3,0.037037037037037035
Control,11,16,False,False,False,Small Non-tufted grass/sedge,6,0.018518518518518517
Control,11,16,False,False,False,Small Tufted grass/sedge,0,0.0
Control,11,16,False,False,False,Small Tufted grass/sedge,3,0.05555555555555555
Control,11,16,False,False,False,Small Tufted grass/sedge,6,0.018518518518518517
Control,11,16,False,False,True,Large Forb/Herb,0,0.2631578947368421
Control,11,16,False,False,True,Large Forb/Herb,3,0.2631578947368421
Control,11,16,False,False,True,Large Forb/Herb,6,0.43859649122807015
Control,11,16,False,False,True,Medium Forb/Herb,0,0.0
Control,11,16,False,False,True,Medium Forb/Herb,3,0.0
Control,11,16,False,False,True,Medium Forb/Herb,6,0.008771929824561403
Control,11,16,False,False,True,Medium Non-tufted grass/sedge,0,0.0043859649122807015
Control,11,16,False,False,True,Medium Non-tufted grass/sedge,3,0.0043859649122807015
Control,11,16,False,False,True,Medium Non-tufted grass/sedge,6,0.0043859649122807015
Control,11,16,False,False,True,Prostrate or Mat-forming Forb/Herb,0,0.0043859649122807015
Control,11,16,False,False,True,Prostrate or Mat-forming Forb/Herb,3,0.0043859649122807015
Control,11,16,False,False,True,Prostrate or Mat-forming Forb/Herb,6,0.0
Control,11,16,False,False,True,Small Tufted grass/sedge,0,0.0
Control,11,16,False,False,True,Small Tufted grass/sedge,3,0.0043859649122807015
Control,11,16,False,False,True,Small Tufted grass/sedge,6,0.0
Control,11,17,False,False,False,Large Forb/Herb,0,0.022900763358778626
Control,11,17,False,False,False,Large Forb/Herb,3,0.015267175572519083
Control,11,17,False,False,False,Large Forb/Herb,6,0.007633587786259542
Control,11,17,False,False,False,Large Tufted grass/sedge,0,0.6106870229007634
Control,11,17,False,False,False,Large Tufted grass/sedge,3,0.015267175572519083
Control,11,17,False,False,False,Large Tufted grass/sedge,6,0.015267175572519083
Control,11,17,False,False,False,Medium Forb/Herb,0,0.05343511450381679
Control,11,17,False,False,False,Medium Forb/Herb,3,0.05343511450381679
Control,11,17,False,False,False,Medium Forb/Herb,6,0.05343511450381679
Control,11,17,False,False,False,Medium Tufted grass/sedge,0,0.0
Control,11,17,False,False,False,Medium Tufted grass/sedge,3,0.007633587786259542
Control,11,17,False,False,False,Medium Tufted grass/sedge,6,0.007633587786259542
Control,11,17,False,False,False,Prostrate or Mat-forming Forb/Herb,0,0.015267175572519083
Control,11,17,False,False,False,Prostrate or Mat-forming Forb/Herb,3,0.0
Control,11,17,False,False,False,Prostrate or Mat-forming Forb/Herb,6,0.007633587786259542
Control,11,17,False,False,False,Scrambler,0,0.007633587786259542
Control,11,17,False,False,False,Scrambler,3,0.0
Control,11,17,False,False,False,Scrambler,6,0.0
Control,11,17,False,False,False,Small Tufted grass/sedge,0,0.07633587786259542
Control,11,17,False,False,False,Small Tufted grass/sedge,3,0.015267175572519083
Control,11,17,False,False,False,Small Tufted grass/sedge,6,0.015267175572519083
Control,11,17,False,False,True,Medium Forb/Herb,0,0.014598540145985401
Control,11,17,False,False,True,Medium Forb/Herb,3,0.014598540145985401
Control,11,17,False,False,True,Medium Forb/Herb,6,0.021897810218978103
Control,11,17,False,False,True,Medium Non-tufted grass/sedge,0,0.014598540145985401
Control,11,17,False,False,True,Medium Non-tufted grass/sedge,3,0.0072992700729927005
Control,11,17,False,False,True,Medium Non-tufted grass/sedge,6,0.014598540145985401
Control,11,17,False,False,True,Prostrate or Mat-forming Forb/Herb,0,0.43795620437956206
Control,11,17,False,False,True,Prostrate or Mat-forming Forb/Herb,3,0.43795620437956206
Control,11,17,False,False,True,Prostrate or Mat-forming Forb/Herb,6,0.0
Control,11,17,False,False,True,Small Tufted grass/sedge,0,0.0072992700729927005
Control,11,17,False,False,True,Small Tufted grass/sedge,3,0.0072992700729927005
Control,11,17,False,False,True,Small Tufted grass/sedge,6,0.021897810218978103
Control,11,18,False,False,False,Large Forb/Herb,0,0.0196078431372549
Control,11,18,False,False,False,Large Forb/Herb,3,0.0392156862745098
Control,11,18,False,False,False,Large Forb/Herb,6,0.0392156862745098
Control,11,18,False,False,False,Medium Forb/Herb,0,0.13725490196078433
Control,11,18,False,False,False,Medium Forb/Herb,3,0.17647058823529413
Control,11,18,False,False,False,Medium Forb/Herb,6,0.11764705882352941
Control,11,18,False,False,False,Prostrate or Mat-forming Forb/Herb,0,0.058823529411764705
Control,11,18,False,False,False,Prostrate or Mat-forming Forb/Herb,3,0.0196078431372549
Control,11,18,False,False,False,Prostrate or Mat-forming Forb/Herb,6,0.058823529411764705
Control,11,18,False,False,False,Small Non-tufted grass/sedge,0,0.0
Control,11,18,False,False,False,Small Non-tufted grass/sedge,3,0.0392156862745098
Control,11,18,False,False,False,Small Non-tufted grass/sedge,6,0.0
Control,11,18,False,False,False,Small Tufted grass/sedge,0,0.21568627450980393
Control,11,18,False,False,False,Small Tufted grass/sedge,3,0.058823529411764705
Control,11,18,False,False,False,Small Tufted grass/sedge,6,0.0196078431372549
Control,11,18,False,False,True,Climber,0,0.0
Control,11,18,False,False,True,Climber,3,0.0
Control,11,18,False,False,True,Climber,6,0.0037174721189591076
Control,11,18,False,False,True,Large Tufted grass/sedge,0,0.0037174721189591076
Control,11,18,False,False,True,Large Tufted grass/sedge,3,0.0
Control,11,18,False,False,True,Large Tufted grass/sedge,6,0.0
Control,11,18,False,False,True,Medium Forb/Herb,0,0.0037174721189591076
Control,11,18,False,False,True,Medium Forb/Herb,3,0.01486988847583643
Control,11,18,False,False,True,Medium Forb/Herb,6,0.01486988847583643
Control,11,18,False,False,True,Medium Non-tufted grass/sedge,0,0.07434944237918216
Control,11,18,False,False,True,Medium Non-tufted grass/sedge,3,0.03717472118959108
Control,11,18,False,False,True,Medium Non-tufted grass/sedge,6,0.007434944237918215
Control,11,18,False,False,True,Prostrate or Mat-forming Forb/Herb,0,0.5947955390334573
Control,11,18,False,False,True,Prostrate or Mat-forming Forb/Herb,3,0.22304832713754646
Control,11,18,False,False,True,Prostrate or Mat-forming Forb/Herb,6,0.0
Control,11,18,False,False,True,Small Forb/Herb,0,0.0
Control,11,18,False,False,True,Small Forb/Herb,3,0.0
Control,11,18,False,False,True,Small Forb/Herb,6,0.0037174721189591076
Control,11,18,False,False,True,Small Tufted grass/sedge,0,0.0037174721189591076
Control,11,18,False,False,True,Small Tufted grass/sedge,3,0.007434944237918215
Control,11,18,False,False,True,Small Tufted grass/sedge,6,0.007434944237918215
Control,11,19,False,False,False,Large Forb/Herb,0,0.02702702702702703
Control,11,19,False,False,False,Large Forb/Herb,3,0.05405405405405406
Control,11,19,False,False,False,Large Forb/Herb,6,0.02702702702702703
Control,11,19,False,False,False,Large Tufted grass/sedge,0,0.02702702702702703
Control,11,19,False,False,False,Large Tufted grass/sedge,3,0.02702702702702703
Control,11,19,False,False,False,Large Tufted grass/sedge,6,0.0
Control,11,19,False,False,False,Medium Forb/Herb,0,0.21621621621621623
Control,11,19,False,False,False,Medium Forb/Herb,3,0.21621621621621623
Control,11,19,False,False,False,Medium Forb/Herb,6,0.10810810810810811
Control,11,19,False,False,False,Medium Tufted grass/sedge,0,0.05405405405405406
Control,11,19,False,False,False,Medium Tufted grass/sedge,3,0.0
Control,11,19,False,False,False,Medium Tufted grass/sedge,6,0.0
Control,11,19,False,False,False,Prostrate or Mat-forming Forb/Herb,0,0.05405405405405406
Control,11,19,False,False,False,Prostrate or Mat-forming Forb/Herb,3,0.0
Control,11,19,False,False,False,Prostrate or Mat-forming Forb/Herb,6,0.02702702702702703
Control,11,19,False,False,False,Scrambler,0,0.02702702702702703
Control,11,19,False,False,False,Scrambler,3,0.0
Control,11,19,False,False,False,Scrambler,6,0.0
Control,11,19,False,False,False,Small Tufted grass/sedge,0,0.08108108108108109
Control,11,19,False,False,False,Small Tufted grass/sedge,3,0.05405405405405406
Control,11,19,False,False,False,Small Tufted grass/sedge,6,0.0
Control,11,19,False,False,True,Medium Forb/Herb,0,0.06666666666666667
Control,11,19,False,False,True,Medium Forb/Herb,3,0.13333333333333333
Control,11,19,False,False,True,Medium Forb/Herb,6,0.2
Control,11,19,False,False,True,Medium Non-tufted grass/sedge,0,0.13333333333333333
Control,11,19,False,False,True,Medium Non-tufted grass/sedge,3,0.13333333333333333
Control,11,19,False,False,True,Medium Non-tufted grass/sedge,6,0.0
Control,11,19,False,False,True,Prostrate or Mat-forming Forb/Herb,0,0.13333333333333333
Control,11,19,False,False,True,Prostrate or Mat-forming Forb/Herb,3,0.06666666666666667
Control,11,19,False,False,True,Prostrate or Mat-forming Forb/Herb,6,0.06666666666666667
Control,11,19,False,False,True,Small Tufted grass/sedge,0,0.0
Control,11,19,False,False,True,Small Tufted grass/sedge,3,0.0
Control,11,19,False,False,True,Small Tufted grass/sedge,6,0.06666666666666667
Control,11,20,False,False,False,Large Forb/Herb,0,0.0
Control,11,20,False,False,False,Large Forb/Herb,3,0.02040816326530612
Control,11,20,False,False,False,Large Forb/Herb,6,0.04081632653061224
Control,11,20,False,False,False,Medium Forb/Herb,0,0.12244897959183673
Control,11,20,False,False,False,Medium Forb/Herb,3,0.14285714285714285
Control,11,20,False,False,False,Medium Forb/Herb,6,0.061224489795918366
Control,11,20,False,False,False,Prostrate or Mat-forming Forb/Herb,0,0.04081632653061224
Control,11,20,False,False,False,Prostrate or Mat-forming Forb/Herb,3,0.0
Control,11,20,False,False,False,Prostrate or Mat-forming Forb/Herb,6,0.04081632653061224
Control,11,20,False,False,False,Small Non-tufted grass/sedge,0,0.02040816326530612
Control,11,20,False,False,False,Small Non-tufted grass/sedge,3,0.04081632653061224
Control,11,20,False,False,False,Small Non-tufted grass/sedge,6,0.0
Control,11,20,False,False,False,Small Tufted grass/sedge,0,0.22448979591836735
Control,11,20,False,False,False,Small Tufted grass/sedge,3,0.20408163265306123
Control,11,20,False,False,False,Small Tufted grass/sedge,6,0.04081632653061224
Control,11,20,False,False,True,Large Tufted grass/sedge,0,0.030303030303030304
Control,11,20,False,False,True,Large Tufted grass/sedge,3,0.0
Control,11,20,False,False,True,Large Tufted grass/sedge,6,0.0
Control,11,20,False,False,True,Medium Forb/Herb,0,0.0
Control,11,20,False,False,True,Medium Forb/Herb,3,0.030303030303030304
Control,11,20,False,False,True,Medium Forb/Herb,6,0.030303030303030304
Control,11,20,False,False,True,Medium Non-tufted grass/sedge,0,0.06060606060606061
Control,11,20,False,False,True,Medium Non-tufted grass/sedge,3,0.06060606060606061
Control,11,20,False,False,True,Medium Non-tufted grass/sedge,6,0.06060606060606061
Control,11,20,False,False,True,Prostrate or Mat-forming Forb/Herb,0,0.06060606060606061
Control,11,20,False,False,True,Prostrate or Mat-forming Forb/Herb,3,0.30303030303030304
Control,11,20,False,False,True,Prostrate or Mat-forming Forb/Herb,6,0.30303030303030304
Control,11,20,False,False,True,Small Tufted grass/sedge,0,0.0
Control,11,20,False,False,True,Small Tufted grass/sedge,3,0.0
Control,11,20,False,False,True,Small Tufted grass/sedge,6,0.06060606060606061
Control,11,21,False,False,False,Large Forb/Herb,0,0.007575757575757576
Control,11,21,False,False,False,Large Forb/Herb,3,0.015151515151515152
Control,11,21,False,False,False,Large Forb/Herb,6,0.0
Control,11,21,False,False,False,Medium Forb/Herb,0,0.06818181818181818
Control,11,21,False,False,False,Medium Forb/Herb,3,0.05303030303030303
Control,11,21,False,False,False,Medium Forb/Herb,6,0.045454545454545456
Control,11,21,False,False,False,Prostrate or Mat-forming Forb/Herb,0,0.015151515151515152
Control,11,21,False,False,False,Prostrate or Mat-forming Forb/Herb,3,0.015151515151515152
Control,11,21,False,False,False,Prostrate or Mat-forming Forb/Herb,6,0.0
Control,11,21,False,False,False,Small Non-tufted grass/sedge,0,0.0
Control,11,21,False,False,False,Small Non-tufted grass/sedge,3,0.007575757575757576
Control,11,21,False,False,False,Small Non-tufted grass/sedge,6,0.0
Control,11,21,False,False,False,Small Tufted grass/sedge,0,0.4621212121212121
Control,11,21,False,False,False,Small Tufted grass/sedge,3,0.30303030303030304
Control,11,21,False,False,False,Small Tufted grass/sedge,6,0.007575757575757576
Control,11,21,False,False,True,Medium Forb/Herb,0,0.09523809523809523
Control,11,21,False,False,True,Medium Forb/Herb,3,0.09523809523809523
Control,11,21,False,False,True,Medium Forb/Herb,6,0.09523809523809523
Control,11,21,False,False,True,Medium Non-tufted grass/sedge,0,0.09523809523809523
Control,11,21,False,False,True,Medium Non-tufted grass/sedge,3,0.047619047619047616
Control,11,21,False,False,True,Medium Non-tufted grass/sedge,6,0.047619047619047616
Control,11,21,False,False,True,Prostrate or Mat-forming Forb/Herb,0,0.0
Control,11,21,False,False,True,Prostrate or Mat-forming Forb/Herb,3,0.047619047619047616
Control,11,21,False,False,True,Prostrate or Mat-forming Forb/Herb,6,0.0
Control,11,21,False,False,True,Small Tufted grass/sedge,0,0.0
Control,11,21,False,False,True,Small Tufted grass/sedge,3,0.0
Control,11,21,False,False,True,Small Tufted grass/sedge,6,0.47619047619047616
Control,11,22,False,False,False,Large Forb/Herb,0,0.045454545454545456
Control,11,22,False,False,False,Large Forb/Herb,3,0.03409090909090909
Control,11,22,False,False,False,Large Forb/Herb,6,0.011363636363636364
Control,11,22,False,False,False,Large Tufted grass/sedge,0,0.011363636363636364
Control,11,22,False,False,False,Large Tufted grass/sedge,3,0.0
Control,11,22,False,False,False,Large Tufted grass/sedge,6,0.0
Control,11,22,False,False,False,Medium Forb/Herb,0,0.045454545454545456
Control,11,22,False,False,False,Medium Forb/Herb,3,0.1590909090909091
Control,11,22,False,False,False,Medium Forb/Herb,6,0.25
Control,11,22,False,False,False,Prostrate or Mat-forming Forb/Herb,0,0.022727272727272728
Control,11,22,False,False,False,Prostrate or Mat-forming Forb/Herb,3,0.022727272727272728
Control,11,22,False,False,False,Prostrate or Mat-forming Forb/Herb,6,0.022727272727272728
Control,11,22,False,False,False,Small Non-tufted grass/sedge,0,0.011363636363636364
Control,11,22,False,False,False,Small Non-tufted grass/sedge,3,0.0
Control,11,22,False,False,False,Small Non-tufted grass/sedge,6,0.0
Control,11,22,False,False,False,Small Tufted grass/sedge,0,0.22727272727272727
Control,11,22,False,False,False,Small Tufted grass/sedge,3,0.125
Control,11,22,False,False,False,Small Tufted grass/sedge,6,0.011363636363636364
Control,11,22,False,False,True,Climber,0,0.0
Control,11,22,False,False,True,Climber,3,0.02702702702702703
Control,11,22,False,False,True,Climber,6,0.0
Control,11,22,False,False,True,Medium Forb/Herb,0,0.05405405405405406
Control,11,22,False,False,True,Medium Forb/Herb,3,0.05405405405405406
Control,11,22,False,False,True,Medium Forb/Herb,6,0.10810810810810811
Control,11,22,False,False,True,Medium Non-tufted grass/sedge,0,0.5405405405405406
Control,11,22,False,False,True,Medium Non-tufted grass/sedge,3,0.05405405405405406
Control,11,22,False,False,True,Medium Non-tufted grass/sedge,6,0.02702702702702703
Control,11,22,False,False,True,Prostrate or Mat-forming Forb/Herb,0,0.0
Control,11,22,False,False,True,Prostrate or Mat-forming Forb/Herb,3,0.05405405405405406
Control,11,22,False,False,True,Prostrate or Mat-forming Forb/Herb,6,0.0
Control,11,22,False,False,True,Small Tufted grass/sedge,0,0.0
Control,11,22,False,False,True,Small Tufted grass/sedge,3,0.0
Control,11,22,False,False,True,Small Tufted grass/sedge,6,0.08108108108108109
Control,11,23,False,False,False,Large Forb/Herb,0,0.024390243902439025
Control,11,23,False,False,False,Large Forb/Herb,3,0.024390243902439025
Control,11,23,False,False,False,Large Forb/Herb,6,0.024390243902439025
Control,11,23,False,False,False,Medium Forb/Herb,0,0.0975609756097561
Control,11,23,False,False,False,Medium Forb/Herb,3,0.24390243902439024
Control,11,23,False,False,False,Medium Forb/Herb,6,0.24390243902439024
Control,11,23,False,False,False,Prostrate or Mat-forming Forb/Herb,0,0.012195121951219513
Control,11,23,False,False,False,Prostrate or Mat-forming Forb/Herb,3,0.012195121951219513
Control,11,23,False,False,False,Prostrate or Mat-forming Forb/Herb,6,0.012195121951219513
Control,11,23,False,False,False,Small Non-tufted grass/sedge,0,0.012195121951219513
Control,11,23,False,False,False,Small Non-tufted grass/sedge,3,0.024390243902439025
Control,11,23,False,False,False,Small Non-tufted grass/sedge,6,0.0
Control,11,23,False,False,False,Small Tufted grass/sedge,0,0.13414634146341464
Control,11,23,False,False,False,Small Tufted grass/sedge,3,0.13414634146341464
Control,11,23,False,False,False,Small Tufted grass/sedge,6,0.0
Control,11,23,False,False,True,Large Forb/Herb,0,0.2564102564102564
Control,11,23,False,False,True,Large Forb/Herb,3,0.2564102564102564
Control,11,23,False,False,True,Large Forb/Herb,6,0.2564102564102564
Control,11,23,False,False,True,Medium Forb/Herb,0,0.01282051282051282
Control,11,23,False,False,True,Medium Forb/Herb,3,0.0641025641025641
Control,11,23,False,False,True,Medium Forb/Herb,6,0.0641025641025641
Control,11,23,False,False,True,Medium Non-tufted grass/sedge,0,0.02564102564102564
Control,11,23,False,False,True,Medium Non-tufted grass/sedge,3,0.02564102564102564
Control,11,23,False,False,True,Medium Non-tufted grass/sedge,6,0.01282051282051282
Control,11,23,False,False,True,Prostrate or Mat-forming Forb/Herb,0,0.0
Control,11,23,False,False,True,Prostrate or Mat-forming Forb/Herb,3,0.01282051282051282
Control,11,23,False,False,True,Prostrate or Mat-forming Forb/Herb,6,0.0
Control,11,23,False,False,True,Small Tufted grass/sedge,0,0.0
Control,11,23,False,False,True,Small Tufted grass/sedge,3,0.0
Control,11,23,False,False,True,Small Tufted grass/sedge,6,0.01282051282051282
Control,11,24,False,False,False,Large Forb/Herb,0,0.016666666666666666
Control,11,24,False,False,False,Large Forb/Herb,3,0.08333333333333333
Control,11,24,False,False,False,Large Forb/Herb,6,0.016666666666666666
Control,11,24,False,False,False,Medium Forb/Herb,0,0.08333333333333333
Control,11,24,False,False,False,Medium Forb/Herb,3,0.23333333333333334
Control,11,24,False,False,False,Medium Forb/Herb,6,0.11666666666666667
Control,11,24,False,False,False,Medium Tufted grass/sedge,0,0.03333333333333333
Control,11,24,False,False,False,Medium Tufted grass/sedge,3,0.03333333333333333
Control,11,24,False,False,False,Medium Tufted grass/sedge,6,0.06666666666666667
Control,11,24,False,False,False,Prostrate or Mat-forming Forb/Herb,0,0.016666666666666666
Control,11,24,False,False,False,Prostrate or Mat-forming Forb/Herb,3,0.016666666666666666
Control,11,24,False,False,False,Prostrate or Mat-forming Forb/Herb,6,0.03333333333333333
Control,11,24,False,False,False,Small Non-tufted grass/sedge,0,0.0
Control,11,24,False,False,False,Small Non-tufted grass/sedge,3,0.03333333333333333
Control,11,24,False,False,False,Small Non-tufted grass/sedge,6,0.0
Control,11,24,False,False,False,Small Tufted grass/sedge,0,0.16666666666666666
Control,11,24,False,False,False,Small Tufted grass/sedge,3,0.05
Control,11,24,False,False,False,Small Tufted grass/sedge,6,0.0
Control,11,24,False,False,True,Climber,0,0.006172839506172839
Control,11,24,False,False,True,Climber,3,0.006172839506172839
Control,11,24,False,False,True,Climber,6,0.0
Control,11,24,False,False,True,Large Forb/Herb,0,0.0
Control,11,24,False,False,True,Large Forb/Herb,3,0.49382716049382713
Control,11,24,False,False,True,Large Forb/Herb,6,0.0
Control,11,24,False,False,True,Large Tufted grass/sedge,0,0.006172839506172839
Control,11,24,False,False,True,Large Tufted grass/sedge,3,0.0
Control,11,24,False,False,True,Large Tufted grass/sedge,6,0.0
Control,11,24,False,False,True,Medium Forb/Herb,0,0.018518518518518517
Control,11,24,False,False,True,Medium Forb/Herb,3,0.012345679012345678
Control,11,24,False,False,True,Medium Forb/Herb,6,0.006172839506172839
Control,11,24,False,False,True,Medium Non-tufted grass/sedge,0,0.24691358024691357
Control,11,24,False,False,True,Medium Non-tufted grass/sedge,3,0.006172839506172839
Control,11,24,False,False,True,Medium Non-tufted grass/sedge,6,0.06172839506172839
Control,11,24,False,False,True,Prostrate or Mat-forming Forb/Herb,0,0.012345679012345678
Control,11,24,False,False,True,Prostrate or Mat-forming Forb/Herb,3,0.06172839506172839
Control,11,24,False,False,True,Prostrate or Mat-forming Forb/Herb,6,0.0
Control,11,24,False,False,True,Small Tufted grass/sedge,0,0.0
Control,11,24,False,False,True,Small Tufted grass/sedge,3,0.0
Control,11,24,False,False,True,Small Tufted grass/sedge,6,0.06172839506172839
Control,11,25,False,False,False,Large Forb/Herb,0,0.06
Control,11,25,False,False,False,Large Forb/Herb,3,0.08
Control,11,25,False,False,False,Large Forb/Herb,6,0.02
Control,11,25,False,False,False,Medium Forb/Herb,0,0.12
Control,11,25,False,False,False,Medium Forb/Herb,3,0.14
Control,11,25,False,False,False,Medium Forb/Herb,6,0.1
Control,11,25,False,False,False,Medium Tufted grass/sedge,0,0.04
Control,11,25,False,False,False,Medium Tufted grass/sedge,3,0.04
Control,11,25,False,False,False,Medium Tufted grass/sedge,6,0.04
Control,11,25,False,False,False,Prostrate or Mat-forming Forb/Herb,0,0.06
Control,11,25,False,False,False,Prostrate or Mat-forming Forb/Herb,3,0.02
Control,11,25,False,False,False,Prostrate or Mat-forming Forb/Herb,6,0.02
Control,11,25,False,False,False,Small Non-tufted grass/sedge,0,0.02
Control,11,25,False,False,False,Small Non-tufted grass/sedge,3,0.0
Control,11,25,False,False,False,Small Non-tufted grass/sedge,6,0.0
Control,11,25,False,False,False,Small Shrub,0,0.0
Control,11,25,False,False,False,Small Shrub,3,0.02
Control,11,25,False,False,False,Small Shrub,6,0.0
Control,11,25,False,False,False,Small Tufted grass/sedge,0,0.0
Control,11,25,False,False,False,Small Tufted grass/sedge,3,0.02
Control,11,25,False,False,False,Small Tufted grass/sedge,6,0.2
Control,11,25,False,False,True,Climber,0,0.0
Control,11,25,False,False,True,Climber,3,0.0036496350364963502
Control,11,25,False,False,True,Climber,6,0.0
Control,11,25,False,False,True,Large Forb/Herb,0,0.291970802919708
Control,11,25,False,False,True,Large Forb/Herb,3,0.291970802919708
Control,11,25,False,False,True,Large Forb/Herb,6,0.21897810218978103
Control,11,25,False,False,True,Medium Forb/Herb,0,0.014598540145985401
Control,11,25,False,False,True,Medium Forb/Herb,3,0.0072992700729927005
Control,11,25,False,False,True,Medium Forb/Herb,6,0.010948905109489052
Control,11,25,False,False,True,Medium Non-tufted grass/sedge,0,0.072992700729927
Control,11,25,False,False,True,Medium Non-tufted grass/sedge,3,0.0364963503649635
Control,11,25,False,False,True,Medium Non-tufted grass/sedge,6,0.0
Control,11,25,False,False,True,Prostrate or Mat-forming Forb/Herb,0,0.0364963503649635
Control,11,25,False,False,True,Prostrate or Mat-forming Forb/Herb,3,0.0036496350364963502
Control,11,25,False,False,True,Prostrate or Mat-forming Forb/Herb,6,0.0036496350364963502
Control,11,25,False,False,True,Small Tufted grass/sedge,0,0.0036496350364963502
Control,11,25,False,False,True,Small Tufted grass/sedge,3,0.0
Control,11,25,False,False,True,Small Tufted grass/sedge,6,0.0036496350364963502
Control,11,26,False,False,False,Large Forb/Herb,0,0.029411764705882353
Control,11,26,False,False,False,Large Forb/Herb,3,0.04411764705882353
Control,11,26,False,False,False,Large Forb/Herb,6,0.0
Control,11,26,False,False,False,Large Tufted grass/sedge,0,0.29411764705882354
Control,11,26,False,False,False,Large Tufted grass/sedge,3,0.029411764705882353
Control,11,26,False,False,False,Large Tufted grass/sedge,6,0.0
Control,11,26,False,False,False,Medium Forb/Herb,0,0.058823529411764705
Control,11,26,False,False,False,Medium Forb/Herb,3,0.11764705882352941
Control,11,26,False,False,False,Medium Forb/Herb,6,0.19117647058823528
Control,11,26,False,False,False,Medium Tufted grass/sedge,0,0.029411764705882353
Control,11,26,False,False,False,Medium Tufted grass/sedge,3,0.029411764705882353
Control,11,26,False,False,False,Medium Tufted grass/sedge,6,0.014705882352941176
Control,11,26,False,False,False,Prostrate or Mat-forming Forb/Herb,0,0.014705882352941176
Control,11,26,False,False,False,Prostrate or Mat-forming Forb/Herb,3,0.029411764705882353
Control,11,26,False,False,False,Prostrate or Mat-forming Forb/Herb,6,0.029411764705882353
Control,11,26,False,False,False,Small Non-tufted grass/sedge,0,0.014705882352941176
Control,11,26,False,False,False,Small Non-tufted grass/sedge,3,0.014705882352941176
Control,11,26,False,False,False,Small Non-tufted grass/sedge,6,0.0
Control,11,26,False,False,False,Small Tufted grass/sedge,0,0.029411764705882353
Control,11,26,False,False,False,Small Tufted grass/sedge,3,0.029411764705882353
Control,11,26,False,False,False,Small Tufted grass/sedge,6,0.0
Control,11,26,False,False,True,Large Forb/Herb,0,0.015873015873015872
Control,11,26,False,False,True,Large Forb/Herb,3,0.031746031746031744
Control,11,26,False,False,True,Large Forb/Herb,6,0.031746031746031744
Control,11,26,False,False,True,Medium Forb/Herb,0,0.031746031746031744
Control,11,26,False,False,True,Medium Forb/Herb,3,0.07936507936507936
Control,11,26,False,False,True,Medium Forb/Herb,6,0.047619047619047616
Control,11,26,False,False,True,Medium Non-tufted grass/sedge,0,0.015873015873015872
Control,11,26,False,False,True,Medium Non-tufted grass/sedge,3,0.015873015873015872
Control,11,26,False,False,True,Medium Non-tufted grass/sedge,6,0.015873015873015872
Control,11,26,False,False,True,Prostrate or Mat-forming Forb/Herb,0,0.6349206349206349
Control,11,26,False,False,True,Prostrate or Mat-forming Forb/Herb,3,0.031746031746031744
Control,11,26,False,False,True,Prostrate or Mat-forming Forb/Herb,6,0.015873015873015872
Control,11,26,False,False,True,Small Tufted grass/sedge,0,0.015873015873015872
Control,11,26,False,False,True,Small Tufted grass/sedge,3,0.0
Control,11,26,False,False,True,Small Tufted grass/sedge,6,0.015873015873015872
Control,11,27,False,False,False,Large Forb/Herb,0,0.037037037037037035
Control,11,27,False,False,False,Large Forb/Herb,3,0.05555555555555555
Control,11,27,False,False,False,Large Forb/Herb,6,0.037037037037037035
Control,11,27,False,False,False,Medium Forb/Herb,0,0.14814814814814814
Control,11,27,False,False,False,Medium Forb/Herb,3,0.12962962962962962
Control,11,27,False,False,False,Medium Forb/Herb,6,0.05555555555555555
Control,11,27,False,False,False,Medium Tufted grass/sedge,0,0.0
Control,11,27,False,False,False,Medium Tufted grass/sedge,3,0.0
Control,11,27,False,False,False,Medium Tufted grass/sedge,6,0.018518518518518517
Control,11,27,False,False,False,Prostrate or Mat-forming Forb/Herb,0,0.037037037037037035
Control,11,27,False,False,False,Prostrate or Mat-forming Forb/Herb,3,0.0
Control,11,27,False,False,False,Prostrate or Mat-forming Forb/Herb,6,0.0
Control,11,27,False,False,False,Small Non-tufted grass/sedge,0,0.018518518518518517
Control,11,27,False,False,False,Small Non-tufted grass/sedge,3,0.037037037037037035
Control,11,27,False,False,False,Small Non-tufted grass/sedge,6,0.0
Control,11,27,False,False,False,Small Tufted grass/sedge,0,0.37037037037037035
Control,11,27,False,False,False,Small Tufted grass/sedge,3,0.037037037037037035
Control,11,27,False,False,False,Small Tufted grass/sedge,6,0.018518518518518517
Control,11,27,False,False,True,Climber,0,0.0
Control,11,27,False,False,True,Climber,3,0.028985507246376812
Control,11,27,False,False,True,Climber,6,0.0
Control,11,27,False,False,True,Large Forb/Herb,0,0.014492753623188406
Control,11,27,False,False,True,Large Forb/Herb,3,0.028985507246376812
Control,11,27,False,False,True,Large Forb/Herb,6,0.028985507246376812
Control,11,27,False,False,True,Medium Forb/Herb,0,0.028985507246376812
Control,11,27,False,False,True,Medium Forb/Herb,3,0.043478260869565216
Control,11,27,False,False,True,Medium Forb/Herb,6,0.014492753623188406
Control,11,27,False,False,True,Medium Non-tufted grass/sedge,0,0.5797101449275363
Control,11,27,False,False,True,Medium Non-tufted grass/sedge,3,0.028985507246376812
Control,11,27,False,False,True,Medium Non-tufted grass/sedge,6,0.014492753623188406
Control,11,27,False,False,True,Prostrate or Mat-forming Forb/Herb,0,0.014492753623188406
Control,11,27,False,False,True,Prostrate or Mat-forming Forb/Herb,3,0.028985507246376812
Control,11,27,False,False,True,Prostrate or Mat-forming Forb/Herb,6,0.0
Control,11,27,False,False,True,Small Tufted grass/sedge,0,0.0
Control,11,27,False,False,True,Small Tufted grass/sedge,3,0.0
Control,11,27,False,False,True,Small Tufted grass/sedge,6,0.14492753623188406
Control,11,28,False,False,False,Large Forb/Herb,0,0.05660377358490566
Control,11,28,False,False,False,Large Forb/Herb,3,0.03773584905660377
Control,11,28,False,False,False,Large Forb/Herb,6,0.03773584905660377
Control,11,28,False,False,False,Large Tufted grass/sedge,0,0.018867924528301886
Control,11,28,False,False,False,Large Tufted grass/sedge,3,0.03773584905660377
Control,11,28,False,False,False,Large Tufted grass/sedge,6,0.0
Control,11,28,False,False,False,Medium Forb/Herb,0,0.11320754716981132
Control,11,28,False,False,False,Medium Forb/Herb,3,0.18867924528301888
Control,11,28,False,False,False,Medium Forb/Herb,6,0.09433962264150944
Control,11,28,False,False,False,Medium Non-tufted grass/sedge,0,0.0
Control,11,28,False,False,False,Medium Non-tufted grass/sedge,3,0.0
Control,11,28,False,False,False,Medium Non-tufted grass/sedge,6,0.03773584905660377
Control,11,28,False,False,False,Medium Tufted grass/sedge,0,0.0
Control,11,28,False,False,False,Medium Tufted grass/sedge,3,0.18867924528301888
Control,11,28,False,False,False,Medium Tufted grass/sedge,6,0.018867924528301886
Control,11,28,False,False,False,Prostrate or Mat-forming Forb/Herb,0,0.018867924528301886
Control,11,28,False,False,False,Prostrate or Mat-forming Forb/Herb,3,0.0
Control,11,28,False,False,False,Prostrate or Mat-forming Forb/Herb,6,0.05660377358490566
Control,11,28,False,False,False,Small Non-tufted grass/sedge,0,0.0
Control,11,28,False,False,False,Small Non-tufted grass/sedge,3,0.03773584905660377
Control,11,28,False,False,False,Small Non-tufted grass/sedge,6,0.018867924528301886
Control,11,28,False,False,False,Small Tufted grass/sedge,0,0.018867924528301886
Control,11,28,False,False,False,Small Tufted grass/sedge,3,0.018867924528301886
Control,11,28,False,False,False,Small Tufted grass/sedge,6,0.0
Control,11,28,False,False,True,Large Forb/Herb,0,0.3018867924528302
Control,11,28,False,False,True,Large Forb/Herb,3,0.3018867924528302
Control,11,28,False,False,True,Large Forb/Herb,6,0.3018867924528302
Control,11,28,False,False,True,Medium Forb/Herb,0,0.0037735849056603774
Control,11,28,False,False,True,Medium Forb/Herb,3,0.011320754716981131
Control,11,28,False,False,True,Medium Forb/Herb,6,0.01509433962264151
Control,11,28,False,False,True,Medium Non-tufted grass/sedge,0,0.0037735849056603774
Control,11,28,False,False,True,Medium Non-tufted grass/sedge,3,0.0037735849056603774
Control,11,28,False,False,True,Medium Non-tufted grass/sedge,6,0.0037735849056603774
Control,11,28,False,False,True,Prostrate or Mat-forming Forb/Herb,0,0.03773584905660377
Control,11,28,False,False,True,Prostrate or Mat-forming Forb/Herb,3,0.007547169811320755
Control,11,28,False,False,True,Prostrate or Mat-forming Forb/Herb,6,0.0037735849056603774
Control,11,28,False,False,True,Small Forb/Herb,0,0.0037735849056603774
Control,11,28,False,False,True,Small Forb/Herb,3,0.0
Control,11,28,False,False,True,Small Forb/Herb,6,0.0
Control,11,29,False,False,False,Large Forb/Herb,0,0.0078125
Control,11,29,False,False,False,Large Forb/Herb,3,0.0078125
Control,11,29,False,False,False,Large Forb/Herb,6,0.0078125
Control,11,29,False,False,False,Large Tufted grass/sedge,0,0.078125
Control,11,29,False,False,False,Large Tufted grass/sedge,3,0.15625
Control,11,29,False,False,False,Large Tufted grass/sedge,6,0.0
Control,11,29,False,False,False,Medium Forb/Herb,0,0.046875
Control,11,29,False,False,False,Medium Forb/Herb,3,0.078125
Control,11,29,False,False,False,Medium Forb/Herb,6,0.0390625
Control,11,29,False,False,False,Medium Tufted grass/sedge,0,0.0
Control,11,29,False,False,False,Medium Tufted grass/sedge,3,0.0
Control,11,29,False,False,False,Medium Tufted grass/sedge,6,0.3125
Control,11,29,False,False,False,Prostrate or Mat-forming Forb/Herb,0,0.0234375
Control,11,29,False,False,False,Prostrate or Mat-forming Forb/Herb,3,0.0
Control,11,29,False,False,False,Prostrate or Mat-forming Forb/Herb,6,0.015625
Control,11,29,False,False,False,Scrambler,0,0.0
Control,11,29,False,False,False,Scrambler,3,0.0
Control,11,29,False,False,False,Scrambler,6,0.0078125
Control,11,29,False,False,False,Small Non-tufted grass/sedge,0,0.0078125
Control,11,29,False,False,False,Small Non-tufted grass/sedge,3,0.015625
Control,11,29,False,False,False,Small Non-tufted grass/sedge,6,0.0
Control,11,29,False,False,False,Small Tufted grass/sedge,0,0.0859375
Control,11,29,False,False,False,Small Tufted grass/sedge,3,0.09375
Control,11,29,False,False,False,Small Tufted grass/sedge,6,0.015625
Control,11,29,False,False,True,Medium Forb/Herb,0,0.00980392156862745
Control,11,29,False,False,True,Medium Forb/Herb,3,0.0
Control,11,29,False,False,True,Medium Forb/Herb,6,0.00980392156862745
Control,11,29,False,False,True,Medium Non-tufted grass/sedge,0,0.0196078431372549
Control,11,29,False,False,True,Medium Non-tufted grass/sedge,3,0.00980392156862745
Control,11,29,False,False,True,Medium Non-tufted grass/sedge,6,0.0196078431372549
Control,11,29,False,False,True,Prostrate or Mat-forming Forb/Herb,0,0.0196078431372549
Control,11,29,False,False,True,Prostrate or Mat-forming Forb/Herb,3,0.09803921568627451
Control,11,29,False,False,True,Prostrate or Mat-forming Forb/Herb,6,0.00980392156862745
Control,11,29,False,False,True,Shrub,0,0.0196078431372549
Control,11,29,False,False,True,Shrub,3,0.19607843137254902
Control,11,29,False,False,True,Shrub,6,0.39215686274509803
Control,11,29,False,False,True,Small Tufted grass/sedge,0,0.0
Control,11,29,False,False,True,Small Tufted grass/sedge,3,0.0
Control,11,29,False,False,True,Small Tufted grass/sedge,6,0.19607843137254902
Control,11,30,False,False,False,Large Forb/Herb,0,0.027777777777777776
Control,11,30,False,False,False,Large Forb/Herb,3,0.05555555555555555
Control,11,30,False,False,False,Large Forb/Herb,6,0.027777777777777776
Control,11,30,False,False,False,Medium Forb/Herb,0,0.08333333333333333
Control,11,30,False,False,False,Medium Forb/Herb,3,0.3055555555555556
Control,11,30,False,False,False,Medium Forb/Herb,6,0.19444444444444445
Control,11,30,False,False,False,Prostrate or Mat-forming Forb/Herb,0,0.05555555555555555
Control,11,30,False,False,False,Prostrate or Mat-forming Forb/Herb,3,0.027777777777777776
Control,11,30,False,False,False,Prostrate or Mat-forming Forb/Herb,6,0.05555555555555555
Control,11,30,False,False,False,Small Non-tufted grass/sedge,0,0.0
Control,11,30,False,False,False,Small Non-tufted grass/sedge,3,0.027777777777777776
Control,11,30,False,False,False,Small Non-tufted grass/sedge,6,0.027777777777777776
Control,11,30,False,False,False,Small Tufted grass/sedge,0,0.05555555555555555
Control,11,30,False,False,False,Small Tufted grass/sedge,3,0.027777777777777776
Control,11,30,False,False,False,Small Tufted grass/sedge,6,0.027777777777777776
Control,11,30,False,False,True,Climber,0,0.0
Control,11,30,False,False,True,Climber,3,0.008928571428571428
Control,11,30,False,False,True,Climber,6,0.008928571428571428
Control,11,30,False,False,True,Large Tufted grass/sedge,0,0.008928571428571428
Control,11,30,False,False,True,Large Tufted grass/sedge,3,0.0
Control,11,30,False,False,True,Large Tufted grass/sedge,6,0.0
Control,11,30,False,False,True,Medium Forb/Herb,0,0.0
Control,11,30,False,False,True,Medium Forb/Herb,3,0.0
Control,11,30,False,False,True,Medium Forb/Herb,6,0.026785714285714284
Control,11,30,False,False,True,Medium Non-tufted grass/sedge,0,0.17857142857142858
Control,11,30,False,False,True,Medium Non-tufted grass/sedge,3,0.017857142857142856
Control,11,30,False,False,True,Medium Non-tufted grass/sedge,6,0.008928571428571428
Control,11,30,False,False,True,Prostrate or Mat-forming Forb/Herb,0,0.7142857142857143
Control,11,30,False,False,True,Prostrate or Mat-forming Forb/Herb,3,0.017857142857142856
Control,11,30,False,False,True,Prostrate or Mat-forming Forb/Herb,6,0.0
Control,11,30,False,False,True,Small Tufted grass/sedge,0,0.0
Control,11,30,False,False,True,Small Tufted grass/sedge,3,0.0
Control,11,30,False,False,True,Small Tufted grass/sedge,6,0.008928571428571428
Control,11,31,False,False,False,Large Forb/Herb,0,0.04878048780487805
Control,11,31,False,False,False,Large Forb/Herb,3,0.04878048780487805
Control,11,31,False,False,False,Large Forb/Herb,6,0.024390243902439025
Control,11,31,False,False,False,Large Tufted grass/sedge,0,0.024390243902439025
Control,11,31,False,False,False,Large Tufted grass/sedge,3,0.024390243902439025
Control,11,31,False,False,False,Large Tufted grass/sedge,6,0.0
Control,11,31,False,False,False,Medium Forb/Herb,0,0.21951219512195122
Control,11,31,False,False,False,Medium Forb/Herb,3,0.17073170731707318
Control,11,31,False,False,False,Medium Forb/Herb,6,0.12195121951219512
Control,11,31,False,False,False,Medium Tufted grass/sedge,0,0.0
Control,11,31,False,False,False,Medium Tufted grass/sedge,3,0.0
Control,11,31,False,False,False,Medium Tufted grass/sedge,6,0.024390243902439025
Control,11,31,False,False,False,Prostrate or Mat-forming Forb/Herb,0,0.024390243902439025
Control,11,31,False,False,False,Prostrate or Mat-forming Forb/Herb,3,0.024390243902439025
Control,11,31,False,False,False,Prostrate or Mat-forming Forb/Herb,6,0.024390243902439025
Control,11,31,False,False,False,Small Non-tufted grass/sedge,0,0.024390243902439025
Control,11,31,False,False,False,Small Non-tufted grass/sedge,3,0.04878048780487805
Control,11,31,False,False,False,Small Non-tufted grass/sedge,6,0.0
Control,11,31,False,False,False,Small Tufted grass/sedge,0,0.04878048780487805
Control,11,31,False,False,False,Small Tufted grass/sedge,3,0.07317073170731707
Control,11,31,False,False,False,Small Tufted grass/sedge,6,0.024390243902439025
Control,11,31,False,False,True,Large Forb/Herb,0,0.043478260869565216
Control,11,31,False,False,True,Large Forb/Herb,3,0.08695652173913043
Control,11,31,False,False,True,Large Forb/Herb,6,0.08695652173913043
Control,11,31,False,False,True,Medium Forb/Herb,0,0.08695652173913043
Control,11,31,False,False,True,Medium Forb/Herb,3,0.08695652173913043
Control,11,31,False,False,True,Medium Forb/Herb,6,0.13043478260869565
Control,11,31,False,False,True,Medium Non-tufted grass/sedge,0,0.08695652173913043
Control,11,31,False,False,True,Medium Non-tufted grass/sedge,3,0.08695652173913043
Control,11,31,False,False,True,Medium Non-tufted grass/sedge,6,0.043478260869565216
Control,11,31,False,False,True,Prostrate or Mat-forming Forb/Herb,0,0.08695652173913043
Control,11,31,False,False,True,Prostrate or Mat-forming Forb/Herb,3,0.08695652173913043
Control,11,31,False,False,True,Prostrate or Mat-forming Forb/Herb,6,0.0
Control,11,31,False,False,True,Small Tufted grass/sedge,0,0.043478260869565216
Control,11,31,False,False,True,Small Tufted grass/sedge,3,0.0
Control,11,31,False,False,True,Small Tufted grass/sedge,6,0.043478260869565216
Control,11,32,False,False,False,Large Forb/Herb,0,0.023255813953488372
Control,11,32,False,False,False,Large Forb/Herb,3,0.023255813953488372
Control,11,32,False,False,False,Large Forb/Herb,6,0.03488372093023256
Control,11,32,False,False,False,Medium Forb/Herb,0,0.06976744186046512
Control,11,32,False,False,False,Medium Forb/Herb,3,0.22093023255813954
Control,11,32,False,False,False,Medium Forb/Herb,6,0.26744186046511625
Control,11,32,False,False,False,Medium Tufted grass/sedge,0,0.011627906976744186
Control,11,32,False,False,False,Medium Tufted grass/sedge,3,0.011627906976744186
Control,11,32,False,False,False,Medium Tufted grass/sedge,6,0.0
Control,11,32,False,False,False,Prostrate or Mat-forming Forb/Herb,0,0.03488372093023256
Control,11,32,False,False,False,Prostrate or Mat-forming Forb/Herb,3,0.0
Control,11,32,False,False,False,Prostrate or Mat-forming Forb/Herb,6,0.011627906976744186
Control,11,32,False,False,False,Small Tufted grass/sedge,0,0.2441860465116279
Control,11,32,False,False,False,Small Tufted grass/sedge,3,0.046511627906976744
Control,11,32,False,False,False,Small Tufted grass/sedge,6,0.0
Control,11,32,False,False,True,Climber,0,0.0
Control,11,32,False,False,True,Climber,3,0.02631578947368421
Control,11,32,False,False,True,Climber,6,0.0
Control,11,32,False,False,True,Large Forb/Herb,0,0.0
Control,11,32,False,False,True,Large Forb/Herb,3,0.02631578947368421
Control,11,32,False,False,True,Large Forb/Herb,6,0.0
Control,11,32,False,False,True,Large Tufted grass/sedge,0,0.02631578947368421
Control,11,32,False,False,True,Large Tufted grass/sedge,3,0.0
Control,11,32,False,False,True,Large Tufted grass/sedge,6,0.0
Control,11,32,False,False,True,Medium Forb/Herb,0,0.05263157894736842
Control,11,32,False,False,True,Medium Forb/Herb,3,0.10526315789473684
Control,11,32,False,False,True,Medium Forb/Herb,6,0.07894736842105263
Control,11,32,False,False,True,Medium Non-tufted grass/sedge,0,0.5263157894736842
Control,11,32,False,False,True,Medium Non-tufted grass/sedge,3,0.0
Control,11,32,False,False,True,Medium Non-tufted grass/sedge,6,0.05263157894736842
Control,11,32,False,False,True,Prostrate or Mat-forming Forb/Herb,0,0.0
Control,11,32,False,False,True,Prostrate or Mat-forming Forb/Herb,3,0.05263157894736842
Control,11,32,False,False,True,Prostrate or Mat-forming Forb/Herb,6,0.0
Control,11,32,False,False,True,Small Tufted grass/sedge,0,0.0
Control,11,32,False,False,True,Small Tufted grass/sedge,3,0.02631578947368421
Control,11,32,False,False,True,Small Tufted grass/sedge,6,0.02631578947368421
Gap,1,1,False,False,False,Large Forb/Herb,0,0.046511627906976744
Gap,1,1,False,False,False,Large Forb/Herb,3,0.09302325581395349
Gap,1,1,False,False,False,Large Forb/Herb,6,0.06976744186046512
Gap,1,1,False,False,False,Large Tufted grass/sedge,0,0.0
Gap,1,1,False,False,False,Large Tufted grass/sedge,3,0.046511627906976744
Gap,1,1,False,False,False,Large Tufted grass/sedge,6,0.0
Gap,1,1,False,False,False,Medium Forb/Herb,0,0.046511627906976744
Gap,1,1,False,False,False,Medium Forb/Herb,3,0.11627906976744186
Gap,1,1,False,False,False,Medium Forb/Herb,6,0.13953488372093023
Gap,1,1,False,False,False,Medium Tufted grass/sedge,0,0.0
Gap,1,1,False,False,False,Medium Tufted grass/sedge,3,0.0
Gap,1,1,False,False,False,Medium Tufted grass/sedge,6,0.023255813953488372
Gap,1,1,False,False,False,Non-tufted Ground Fern,0,0.023255813953488372
Gap,1,1,False,False,False,Non-tufted Ground Fern,3,0.0
Gap,1,1,False,False,False,Non-tufted Ground Fern,6,0.023255813953488372
Gap,1,1,False,False,False,Prostrate or Mat-forming Forb/Herb,0,0.023255813953488372
Gap,1,1,False,False,False,Prostrate or Mat-forming Forb/Herb,3,0.023255813953488372
Gap,1,1,False,False,False,Prostrate or Mat-forming Forb/Herb,6,0.046511627906976744
Gap,1,1,False,False,False,Small Non-tufted grass/sedge,0,0.046511627906976744
Gap,1,1,False,False,False,Small Non-tufted grass/sedge,3,0.023255813953488372
Gap,1,1,False,False,False,Small Non-tufted grass/sedge,6,0.023255813953488372
Gap,1,1,False,False,False,Small Tufted grass/sedge,0,0.046511627906976744
Gap,1,1,False,False,False,Small Tufted grass/sedge,3,0.06976744186046512
Gap,1,1,False,False,False,Small Tufted grass/sedge,6,0.06976744186046512
Gap,1,1,False,False,True,Large Forb/Herb,0,0.2631578947368421
Gap,1,1,False,False,True,Large Forb/Herb,3,0.39473684210526316
Gap,1,1,False,False,True,Large Forb/Herb,6,0.2631578947368421
Gap,1,1,False,False,True,Medium Forb/Herb,0,0.006578947368421052
Gap,1,1,False,False,True,Medium Forb/Herb,3,0.013157894736842105
Gap,1,1,False,False,True,Medium Forb/Herb,6,0.013157894736842105
Gap,1,1,False,False,True,Medium Non-tufted grass/sedge,0,0.006578947368421052
Gap,1,1,False,False,True,Medium Non-tufted grass/sedge,3,0.0
Gap,1,1,False,False,True,Medium Non-tufted grass/sedge,6,0.006578947368421052
Gap,1,1,False,False,True,Prostrate or Mat-forming Forb/Herb,0,0.013157894736842105
Gap,1,1,False,False,True,Prostrate or Mat-forming Forb/Herb,3,0.006578947368421052
Gap,1,1,False,False,True,Prostrate or Mat-forming Forb/Herb,6,0.013157894736842105
Gap,1,2,False,True,False,Large Forb/Herb,0,0.034482758620689655
Gap,1,2,False,True,False,Large Forb/Herb,3,0.05172413793103448
Gap,1,2,False,True,False,Large Forb/Herb,6,0.05172413793103448
Gap,1,2,False,True,False,Large Tufted grass/sedge,0,0.1724137931034483
Gap,1,2,False,True,False,Large Tufted grass/sedge,3,0.034482758620689655
Gap,1,2,False,True,False,Large Tufted grass/sedge,6,0.0
Gap,1,2,False,True,False,Medium Forb/Herb,0,0.1206896551724138
Gap,1,2,False,True,False,Medium Forb/Herb,3,0.08620689655172414
Gap,1,2,False,True,False,Medium Forb/Herb,6,0.06896551724137931
Gap,1,2,False,True,False,Medium Tufted grass/sedge,0,0.0
Gap,1,2,False,True,False,Medium Tufted grass/sedge,3,0.0
Gap,1,2,False,True,False,Medium Tufted grass/sedge,6,0.05172413793103448
Gap,1,2,False,True,False,Non-tufted Ground Fern,0,0.0
Gap,1,2,False,True,False,Non-tufted Ground Fern,3,0.034482758620689655
Gap,1,2,False,True,False,Non-tufted Ground Fern,6,0.034482758620689655
Gap,1,2,False,True,False,Prostrate or Mat-forming Forb/Herb,0,0.017241379310344827
Gap,1,2,False,True,False,Prostrate or Mat-forming Forb/Herb,3,0.0
Gap,1,2,False,True,False,Prostrate or Mat-forming Forb/Herb,6,0.06896551724137931
Gap,1,2,False,True,False,Small Non-tufted grass/sedge,0,0.017241379310344827
Gap,1,2,False,True,False,Small Non-tufted grass/sedge,3,0.034482758620689655
Gap,1,2,False,True,False,Small Non-tufted grass/sedge,6,0.034482758620689655
Gap,1,2,False,True,False,Small Tufted grass/sedge,0,0.017241379310344827
Gap,1,2,False,True,False,Small Tufted grass/sedge,3,0.05172413793103448
Gap,1,2,False,True,False,Small Tufted grass/sedge,6,0.017241379310344827
Gap,1,2,False,True,True,Climber,0,0.0
Gap,1,2,False,True,True,Climber,3,0.0
Gap,1,2,False,True,True,Climber,6,0.006666666666666667
Gap,1,2,False,True,True,Large Forb/Herb,0,0.13333333333333333
Gap,1,2,False,True,True,Large Forb/Herb,3,0.26666666666666666
Gap,1,2,False,True,True,Large Forb/Herb,6,0.4
Gap,1,2,False,True,True,Medium Forb/Herb,0,0.006666666666666667
Gap,1,2,False,True,True,Medium Forb/Herb,3,0.0
Gap,1,2,False,True,True,Medium Forb/Herb,6,0.006666666666666667
Gap,1,2,False,True,True,Medium Non-tufted grass/sedge,0,0.0
Gap,1,2,False,True,True,Medium Non-tufted grass/sedge,3,0.013333333333333334
Gap,1,2,False,True,True,Medium Non-tufted grass/sedge,6,0.006666666666666667
Gap,1,2,False,True,True,Prostrate or Mat-forming Forb/Herb,0,0.013333333333333334
Gap,1,2,False,True,True,Prostrate or Mat-forming Forb/Herb,3,0.13333333333333333
Gap,1,2,False,True,True,Prostrate or Mat-forming Forb/Herb,6,0.006666666666666667
Gap,1,2,False,True,True,Small Tufted grass/sedge,0,0.0
Gap,1,2,False,True,True,Small Tufted grass/sedge,3,0.0
Gap,1,2,False,True,True,Small Tufted grass/sedge,6,0.006666666666666667
Gap,1,3,False,True,False,Large Forb/Herb,0,0.039473684210526314
Gap,1,3,False,True,False,Large Forb/Herb,3,0.02631578947368421
Gap,1,3,False,True,False,Large Forb/Herb,6,0.05263157894736842
Gap,1,3,False,True,False,Large Tufted grass/sedge,0,0.0
Gap,1,3,False,True,False,Large Tufted grass/sedge,3,0.02631578947368421
Gap,1,3,False,True,False,Large Tufted grass/sedge,6,0.0
Gap,1,3,False,True,False,Medium Forb/Herb,0,0.09210526315789473
Gap,1,3,False,True,False,Medium Forb/Herb,3,0.10526315789473684
Gap,1,3,False,True,False,Medium Forb/Herb,6,0.06578947368421052
Gap,1,3,False,True,False,Medium Tufted grass/sedge,0,0.02631578947368421
Gap,1,3,False,True,False,Medium Tufted grass/sedge,3,0.13157894736842105
Gap,1,3,False,True,False,Medium Tufted grass/sedge,6,0.02631578947368421
Gap,1,3,False,True,False,Non-tufted Ground Fern,0,0.13157894736842105
Gap,1,3,False,True,False,Non-tufted Ground Fern,3,0.02631578947368421
Gap,1,3,False,True,False,Non-tufted Ground Fern,6,0.02631578947368421
Gap,1,3,False,True,False,Prostrate or Mat-forming Forb/Herb,0,0.013157894736842105
Gap,1,3,False,True,False,Prostrate or Mat-forming Forb/Herb,3,0.02631578947368421
Gap,1,3,False,True,False,Prostrate or Mat-forming Forb/Herb,6,0.039473684210526314
Gap,1,3,False,True,False,Small Non-tufted grass/sedge,0,0.013157894736842105
Gap,1,3,False,True,False,Small Non-tufted grass/sedge,3,0.02631578947368421
Gap,1,3,False,True,False,Small Non-tufted grass/sedge,6,0.013157894736842105
Gap,1,3,False,True,False,Small Tufted grass/sedge,0,0.013157894736842105
Gap,1,3,False,True,False,Small Tufted grass/sedge,3,0.02631578947368421
Gap,1,3,False,True,False,Small Tufted grass/sedge,6,0.05263157894736842
Gap,1,3,False,True,True,Climber,0,0.0049504950495049506
Gap,1,3,False,True,True,Climber,3,0.0
Gap,1,3,False,True,True,Climber,6,0.0049504950495049506
Gap,1,3,False,True,True,Large Forb/Herb,0,0.19801980198019803
Gap,1,3,False,True,True,Large Forb/Herb,3,0.297029702970297
Gap,1,3,False,True,True,Large Forb/Herb,6,0.39603960396039606
Gap,1,3,False,True,True,Medium Forb/Herb,0,0.0049504950495049506
Gap,1,3,False,True,True,Medium Forb/Herb,3,0.009900990099009901
Gap,1,3,False,True,True,Medium Forb/Herb,6,0.0049504950495049506
Gap,1,3,False,True,True,Medium Non-tufted grass/sedge,0,0.009900990099009901
Gap,1,3,False,True,True,Medium Non-tufted grass/sedge,3,0.0
Gap,1,3,False,True,True,Medium Non-tufted grass/sedge,6,0.0
Gap,1,3,False,True,True,Prostrate or Mat-forming Forb/Herb,0,0.04950495049504951
Gap,1,3,False,True,True,Prostrate or Mat-forming Forb/Herb,3,0.0
Gap,1,3,False,True,True,Prostrate or Mat-forming Forb/Herb,6,0.0049504950495049506
Gap,1,3,False,True,True,Small Tufted grass/sedge,0,0.0
Gap,1,3,False,True,True,Small Tufted grass/sedge,3,0.0049504950495049506
Gap,1,3,False,True,True,Small Tufted grass/sedge,6,0.009900990099009901
Gap,1,4,False,True,False,Large Forb/Herb,0,0.09523809523809523
Gap,1,4,False,True,False,Large Forb/Herb,3,0.16666666666666666
Gap,1,4,False,True,False,Large Forb/Herb,6,0.047619047619047616
Gap,1,4,False,True,False,Medium Forb/Herb,0,0.047619047619047616
Gap,1,4,False,True,False,Medium Forb/Herb,3,0.11904761904761904
Gap,1,4,False,True,False,Medium Forb/Herb,6,0.11904761904761904
Gap,1,4,False,True,False,Medium Tufted grass/sedge,0,0.0
Gap,1,4,False,True,False,Medium Tufted grass/sedge,3,0.047619047619047616
Gap,1,4,False,True,False,Medium Tufted grass/sedge,6,0.0
Gap,1,4,False,True,False,Prostrate or Mat-forming Forb/Herb,0,0.023809523809523808
Gap,1,4,False,True,False,Prostrate or Mat-forming Forb/Herb,3,0.047619047619047616
Gap,1,4,False,True,False,Prostrate or Mat-forming Forb/Herb,6,0.07142857142857142
Gap,1,4,False,True,False,Small Non-tufted grass/sedge,0,0.0
Gap,1,4,False,True,False,Small Non-tufted grass/sedge,3,0.047619047619047616
Gap,1,4,False,True,False,Small Non-tufted grass/sedge,6,0.047619047619047616
Gap,1,4,False,True,False,Small Tufted grass/sedge,0,0.047619047619047616
Gap,1,4,False,True,False,Small Tufted grass/sedge,3,0.07142857142857142
Gap,1,4,False,True,False,Small Tufted grass/sedge,6,0.0
Gap,1,4,False,True,True,Large Forb/Herb,0,0.273972602739726
Gap,1,4,False,True,True,Large Forb/Herb,3,0.273972602739726
Gap,1,4,False,True,True,Large Forb/Herb,6,0.410958904109589
Gap,1,4,False,True,True,Medium Forb/Herb,0,0.003424657534246575
Gap,1,4,False,True,True,Medium Forb/Herb,3,0.010273972602739725
Gap,1,4,False,True,True,Medium Forb/Herb,6,0.00684931506849315
Gap,1,4,False,True,True,Medium Non-tufted grass/sedge,0,0.003424657534246575
Gap,1,4,False,True,True,Medium Non-tufted grass/sedge,3,0.003424657534246575
Gap,1,4,False,True,True,Medium Non-tufted grass/sedge,6,0.003424657534246575
Gap,1,4,False,True,True,Prostrate or Mat-forming Forb/Herb,0,0.0
Gap,1,4,False,True,True,Prostrate or Mat-forming Forb/Herb,3,0.003424657534246575
Gap,1,4,False,True,True,Prostrate or Mat-forming Forb/Herb,6,0.003424657534246575
Gap,1,4,False,True,True,Small Tufted grass/sedge,0,0.0
Gap,1,4,False,True,True,Small Tufted grass/sedge,3,0.0
Gap,1,4,False,True,True,Small Tufted grass/sedge,6,0.003424657534246575
Gap,1,5,False,True,False,Large Forb/Herb,0,0.0196078431372549
Gap,1,5,False,True,False,Large Forb/Herb,3,0.00980392156862745
Gap,1,5,False,True,False,Large Forb/Herb,6,0.0196078431372549
Gap,1,5,False,True,False,Large Tufted grass/sedge,0,0.00980392156862745
Gap,1,5,False,True,False,Large Tufted grass/sedge,3,0.0
Gap,1,5,False,True,False,Large Tufted grass/sedge,6,0.0
Gap,1,5,False,True,False,Medium Forb/Herb,0,0.0784313725490196
Gap,1,5,False,True,False,Medium Forb/Herb,3,0.06862745098039216
Gap,1,5,False,True,False,Medium Forb/Herb,6,0.029411764705882353
Gap,1,5,False,True,False,Medium Tufted grass/sedge,0,0.0
Gap,1,5,False,True,False,Medium Tufted grass/sedge,3,0.0
Gap,1,5,False,True,False,Medium Tufted grass/sedge,6,0.0196078431372549
Gap,1,5,False,True,False,Prostrate or Mat-forming Forb/Herb,0,0.00980392156862745
Gap,1,5,False,True,False,Prostrate or Mat-forming Forb/Herb,3,0.0196078431372549
Gap,1,5,False,True,False,Prostrate or Mat-forming Forb/Herb,6,0.0392156862745098
Gap,1,5,False,True,False,Small Non-tufted grass/sedge,0,0.0196078431372549
Gap,1,5,False,True,False,Small Non-tufted grass/sedge,3,0.09803921568627451
Gap,1,5,False,True,False,Small Non-tufted grass/sedge,6,0.0196078431372549
Gap,1,5,False,True,False,Small Tufted grass/sedge,0,0.4019607843137255
Gap,1,5,False,True,False,Small Tufted grass/sedge,3,0.11764705882352941
Gap,1,5,False,True,False,Small Tufted grass/sedge,6,0.0196078431372549
Gap,1,5,False,True,True,Large Forb/Herb,0,0.044444444444444446
Gap,1,5,False,True,True,Large Forb/Herb,3,0.2222222222222222
Gap,1,5,False,True,True,Large Forb/Herb,6,0.4444444444444444
Gap,1,5,False,True,True,Medium Forb/Herb,0,0.0
Gap,1,5,False,True,True,Medium Forb/Herb,3,0.044444444444444446
Gap,1,5,False,True,True,Medium Forb/Herb,6,0.044444444444444446
Gap,1,5,False,True,True,Medium Non-tufted grass/sedge,0,0.022222222222222223
Gap,1,5,False,True,True,Medium Non-tufted grass/sedge,3,0.044444444444444446
Gap,1,5,False,True,True,Medium Non-tufted grass/sedge,6,0.022222222222222223
Gap,1,5,False,True,True,Prostrate or Mat-forming Forb/Herb,0,0.0
Gap,1,5,False,True,True,Prostrate or Mat-forming Forb/Herb,3,0.0
Gap,1,5,False,True,True,Prostrate or Mat-forming Forb/Herb,6,0.044444444444444446
Gap,1,5,False,True,True,Small Tufted grass/sedge,0,0.0
Gap,1,5,False,True,True,Small Tufted grass/sedge,3,0.022222222222222223
Gap,1,5,False,True,True,Small Tufted grass/sedge,6,0.044444444444444446
Gap,1,6,False,False,False,Large Forb/Herb,0,0.04285714285714286
Gap,1,6,False,False,False,Large Forb/Herb,3,0.014285714285714285
Gap,1,6,False,False,False,Large Forb/Herb,6,0.04285714285714286
Gap,1,6,False,False,False,Medium Forb/Herb,0,0.07142857142857142
Gap,1,6,False,False,False,Medium Forb/Herb,3,0.04285714285714286
Gap,1,6,False,False,False,Medium Forb/Herb,6,0.05714285714285714
Gap,1,6,False,False,False,Medium Tufted grass/sedge,0,0.0
Gap,1,6,False,False,False,Medium Tufted grass/sedge,3,0.014285714285714285
Gap,1,6,False,False,False,Medium Tufted grass/sedge,6,0.0
Gap,1,6,False,False,False,Non-tufted Ground Fern,0,0.014285714285714285
Gap,1,6,False,False,False,Non-tufted Ground Fern,3,0.02857142857142857
Gap,1,6,False,False,False,Non-tufted Ground Fern,6,0.2857142857142857
Gap,1,6,False,False,False,Prostrate or Mat-forming Forb/Herb,0,0.014285714285714285
Gap,1,6,False,False,False,Prostrate or Mat-forming Forb/Herb,3,0.014285714285714285
Gap,1,6,False,False,False,Prostrate or Mat-forming Forb/Herb,6,0.05714285714285714
Gap,1,6,False,False,False,Small Tufted grass/sedge,0,0.2857142857142857
Gap,1,6,False,False,False,Small Tufted grass/sedge,3,0.014285714285714285
Gap,1,6,False,False,False,Small Tufted grass/sedge,6,0.0
Gap,1,6,False,False,True,Large Forb/Herb,0,0.3418803418803419
Gap,1,6,False,False,True,Large Forb/Herb,3,0.2564102564102564
Gap,1,6,False,False,True,Large Forb/Herb,6,0.3418803418803419
Gap,1,6,False,False,True,Medium Forb/Herb,0,0.008547008547008548
Gap,1,6,False,False,True,Medium Forb/Herb,3,0.008547008547008548
Gap,1,6,False,False,True,Medium Forb/Herb,6,0.004273504273504274
Gap,1,6,False,False,True,Medium Non-tufted grass/sedge,0,0.008547008547008548
Gap,1,6,False,False,True,Medium Non-tufted grass/sedge,3,0.008547008547008548
Gap,1,6,False,False,True,Medium Non-tufted grass/sedge,6,0.008547008547008548
Gap,1,6,False,False,True,Prostrate or Mat-forming Forb/Herb,0,0.004273504273504274
Gap,1,6,False,False,True,Prostrate or Mat-forming Forb/Herb,3,0.0
Gap,1,6,False,False,True,Prostrate or Mat-forming Forb/Herb,6,0.0
Gap,1,6,False,False,True,Small Tufted grass/sedge,0,0.004273504273504274
Gap,1,6,False,False,True,Small Tufted grass/sedge,3,0.004273504273504274
Gap,1,6,False,False,True,Small Tufted grass/sedge,6,0.0
Gap,1,7,False,False,False,Large Forb/Herb,0,0.03125
Gap,1,7,False,False,False,Large Forb/Herb,3,0.0625
Gap,1,7,False,False,False,Large Forb/Herb,6,0.03125
Gap,1,7,False,False,False,Medium Forb/Herb,0,0.09375
Gap,1,7,False,False,False,Medium Forb/Herb,3,0.03125
Gap,1,7,False,False,False,Medium Forb/Herb,6,0.125
Gap,1,7,False,False,False,Medium Tufted grass/sedge,0,0.0
Gap,1,7,False,False,False,Medium Tufted grass/sedge,3,0.0
Gap,1,7,False,False,False,Medium Tufted grass/sedge,6,0.03125
Gap,1,7,False,False,False,Prostrate or Mat-forming Forb/Herb,0,0.03125
Gap,1,7,False,False,False,Prostrate or Mat-forming Forb/Herb,3,0.0
Gap,1,7,False,False,False,Prostrate or Mat-forming Forb/Herb,6,0.09375
Gap,1,7,False,False,False,Small Non-tufted grass/sedge,0,0.03125
Gap,1,7,False,False,False,Small Non-tufted grass/sedge,3,0.03125
Gap,1,7,False,False,False,Small Non-tufted grass/sedge,6,0.0
Gap,1,7,False,False,False,Small Tufted grass/sedge,0,0.03125
Gap,1,7,False,False,False,Small Tufted grass/sedge,3,0.34375
Gap,1,7,False,False,False,Small Tufted grass/sedge,6,0.03125
Gap,1,7,False,False,True,Large Forb/Herb,0,0.3389830508474576
Gap,1,7,False,False,True,Large Forb/Herb,3,0.1694915254237288
Gap,1,7,False,False,True,Large Forb/Herb,6,0.3389830508474576
Gap,1,7,False,False,True,Medium Forb/Herb,0,0.00847457627118644
Gap,1,7,False,False,True,Medium Forb/Herb,3,0.00847457627118644
Gap,1,7,False,False,True,Medium Forb/Herb,6,0.025423728813559324
Gap,1,7,False,False,True,Medium Non-tufted grass/sedge,0,0.01694915254237288
Gap,1,7,False,False,True,Medium Non-tufted grass/sedge,3,0.01694915254237288
Gap,1,7,False,False,True,Medium Non-tufted grass/sedge,6,0.01694915254237288
Gap,1,7,False,False,True,Prostrate or Mat-forming Forb/Herb,0,0.00847457627118644
Gap,1,7,False,False,True,Prostrate or Mat-forming Forb/Herb,3,0.01694915254237288
Gap,1,7,False,False,True,Prostrate or Mat-forming Forb/Herb,6,0.01694915254237288
Gap,1,7,False,False,True,Small Tufted grass/sedge,0,0.0
Gap,1,7,False,False,True,Small Tufted grass/sedge,3,0.0
Gap,1,7,False,False,True,Small Tufted grass/sedge,6,0.01694915254237288
Gap,1,8,False,False,False,Large Forb/Herb,0,0.0547945205479452
Gap,1,8,False,False,False,Large Forb/Herb,3,0.0684931506849315
Gap,1,8,False,False,False,Large Forb/Herb,6,0.0547945205479452
Gap,1,8,False,False,False,Large Tufted grass/sedge,0,0.0
Gap,1,8,False,False,False,Large Tufted grass/sedge,3,0.0
Gap,1,8,False,False,False,Large Tufted grass/sedge,6,0.0136986301369863
Gap,1,8,False,False,False,Medium Forb/Herb,0,0.0684931506849315
Gap,1,8,False,False,False,Medium Forb/Herb,3,0.2465753424657534
Gap,1,8,False,False,False,Medium Forb/Herb,6,0.0821917808219178
Gap,1,8,False,False,False,Medium Tufted grass/sedge,0,0.0
Gap,1,8,False,False,False,Medium Tufted grass/sedge,3,0.0
Gap,1,8,False,False,False,Medium Tufted grass/sedge,6,0.0136986301369863
Gap,1,8,False,False,False,Prostrate or Mat-forming Forb/Herb,0,0.0136986301369863
Gap,1,8,False,False,False,Prostrate or Mat-forming Forb/Herb,3,0.0
Gap,1,8,False,False,False,Prostrate or Mat-forming Forb/Herb,6,0.0136986301369863
Gap,1,8,False,False,False,Small Non-tufted grass/sedge,0,0.0
Gap,1,8,False,False,False,Small Non-tufted grass/sedge,3,0.0136986301369863
Gap,1,8,False,False,False,Small Non-tufted grass/sedge,6,0.0273972602739726
Gap,1,8,False,False,False,Small Tufted grass/sedge,0,0.273972602739726
Gap,1,8,False,False,False,Small Tufted grass/sedge,3,0.0547945205479452
Gap,1,8,False,False,False,Small Tufted grass/sedge,6,0.0
Gap,1,8,False,False,True,Large Forb/Herb,0,0.25477707006369427
Gap,1,8,False,False,True,Large Forb/Herb,3,0.25477707006369427
Gap,1,8,False,False,True,Large Forb/Herb,6,0.25477707006369427
Gap,1,8,False,False,True,Medium Forb/Herb,0,0.0
Gap,1,8,False,False,True,Medium Forb/Herb,3,0.012738853503184714
Gap,1,8,False,False,True,Medium Forb/Herb,6,0.012738853503184714
Gap,1,8,False,False,True,Medium Non-tufted grass/sedge,0,0.12738853503184713
Gap,1,8,False,False,True,Medium Non-tufted grass/sedge,3,0.06369426751592357
Gap,1,8,False,False,True,Medium Non-tufted grass/sedge,6,0.012738853503184714
Gap,1,8,False,False,True,Prostrate or Mat-forming Forb/Herb,0,0.0
Gap,1,8,False,False,True,Prostrate or Mat-forming Forb/Herb,3,0.0
Gap,1,8,False,False,True,Prostrate or Mat-forming Forb/Herb,6,0.006369426751592357
Gap,1,9,False,True,False,Large Forb/Herb,0,0.03409090909090909
Gap,1,9,False,True,False,Large Forb/Herb,3,0.13636363636363635
Gap,1,9,False,True,False,Large Forb/Herb,6,0.022727272727272728
Gap,1,9,False,True,False,Medium Forb/Herb,0,0.022727272727272728
Gap,1,9,False,True,False,Medium Forb/Herb,3,0.056818181818181816
Gap,1,9,False,True,False,Medium Forb/Herb,6,0.07954545454545454
Gap,1,9,False,True,False,Medium Tufted grass/sedge,0,0.0
Gap,1,9,False,True,False,Medium Tufted grass/sedge,3,0.11363636363636363
Gap,1,9,False,True,False,Medium Tufted grass/sedge,6,0.03409090909090909
Gap,1,9,False,True,False,Prostrate or Mat-forming Forb/Herb,0,0.011363636363636364
Gap,1,9,False,True,False,Prostrate or Mat-forming Forb/Herb,3,0.11363636363636363
Gap,1,9,False,True,False,Prostrate or Mat-forming Forb/Herb,6,0.045454545454545456
Gap,1,9,False,True,False,Shrub,0,0.0
Gap,1,9,False,True,False,Shrub,3,0.0
Gap,1,9,False,True,False,Shrub,6,0.011363636363636364
Gap,1,9,False,True,False,Small Non-tufted grass/sedge,0,0.0
Gap,1,9,False,True,False,Small Non-tufted grass/sedge,3,0.022727272727272728
Gap,1,9,False,True,False,Small Non-tufted grass/sedge,6,0.011363636363636364
Gap,1,9,False,True,False,Small Tufted grass/sedge,0,0.22727272727272727
Gap,1,9,False,True,False,Small Tufted grass/sedge,3,0.03409090909090909
Gap,1,9,False,True,False,Small Tufted grass/sedge,6,0.022727272727272728
Gap,1,9,False,True,True,Climber,0,0.0056179775280898875
Gap,1,9,False,True,True,Climber,3,0.0056179775280898875
Gap,1,9,False,True,True,Climber,6,0.0
Gap,1,9,False,True,True,Large Forb/Herb,0,0.2247191011235955
Gap,1,9,False,True,True,Large Forb/Herb,3,0.0
Gap,1,9,False,True,True,Large Forb/Herb,6,0.2247191011235955
Gap,1,9,False,True,True,Medium Forb/Herb,0,0.0056179775280898875
Gap,1,9,False,True,True,Medium Forb/Herb,3,0.34831460674157305
Gap,1,9,False,True,True,Medium Forb/Herb,6,0.016853932584269662
Gap,1,9,False,True,True,Medium Non-tufted grass/sedge,0,0.0056179775280898875
Gap,1,9,False,True,True,Medium Non-tufted grass/sedge,3,0.011235955056179775
Gap,1,9,False,True,True,Medium Non-tufted grass/sedge,6,0.011235955056179775
Gap,1,9,False,True,True,Prostrate or Mat-forming Forb/Herb,0,0.056179775280898875
Gap,1,9,False,True,True,Prostrate or Mat-forming Forb/Herb,3,0.056179775280898875
Gap,1,9,False,True,True,Prostrate or Mat-forming Forb/Herb,6,0.0056179775280898875
Gap,1,9,False,True,True,Small Tufted grass/sedge,0,0.0056179775280898875
Gap,1,9,False,True,True,Small Tufted grass/sedge,3,0.0
Gap,1,9,False,True,True,Small Tufted grass/sedge,6,0.011235955056179775
Gap,1,9,False,True,True,Tufted Ground Fern,0,0.0
Gap,1,9,False,True,True,Tufted Ground Fern,3,0.0
Gap,1,9,False,True,True,Tufted Ground Fern,6,0.0056179775280898875
Gap,1,10,False,False,False,Large Forb/Herb,0,0.047619047619047616
Gap,1,10,False,False,False,Large Forb/Herb,3,0.07936507936507936
Gap,1,10,False,False,False,Large Forb/Herb,6,0.07936507936507936
Gap,1,10,False,False,False,Medium Forb/Herb,0,0.06349206349206349
Gap,1,10,False,False,False,Medium Forb/Herb,3,0.06349206349206349
Gap,1,10,False,False,False,Medium Forb/Herb,6,0.09523809523809523
Gap,1,10,False,False,False,Medium Tufted grass/sedge,0,0.31746031746031744
Gap,1,10,False,False,False,Medium Tufted grass/sedge,3,0.031746031746031744
Gap,1,10,False,False,False,Medium Tufted grass/sedge,6,0.0
Gap,1,10,False,False,False,Prostrate or Mat-forming Forb/Herb,0,0.015873015873015872
Gap,1,10,False,False,False,Prostrate or Mat-forming Forb/Herb,3,0.015873015873015872
Gap,1,10,False,False,False,Prostrate or Mat-forming Forb/Herb,6,0.06349206349206349
Gap,1,10,False,False,False,Small Non-tufted grass/sedge,0,0.0
Gap,1,10,False,False,False,Small Non-tufted grass/sedge,3,0.031746031746031744
Gap,1,10,False,False,False,Small Non-tufted grass/sedge,6,0.031746031746031744
Gap,1,10,False,False,False,Small Tufted grass/sedge,0,0.031746031746031744
Gap,1,10,False,False,False,Small Tufted grass/sedge,3,0.015873015873015872
Gap,1,10,False,False,False,Small Tufted grass/sedge,6,0.015873015873015872
Gap,1,10,False,False,True,Climber,0,0.003215434083601286
Gap,1,10,False,False,True,Climber,3,0.0
Gap,1,10,False,False,True,Climber,6,0.003215434083601286
Gap,1,10,False,False,True,Large Forb/Herb,0,0.3215434083601286
Gap,1,10,False,False,True,Large Forb/Herb,3,0.2572347266881029
Gap,1,10,False,False,True,Large Forb/Herb,6,0.3215434083601286
Gap,1,10,False,False,True,Medium Forb/Herb,0,0.00964630225080386
Gap,1,10,False,False,True,Medium Forb/Herb,3,0.006430868167202572
Gap,1,10,False,False,True,Medium Forb/Herb,6,0.012861736334405145
Gap,1,10,False,False,True,Medium Non-tufted grass/sedge,0,0.003215434083601286
Gap,1,10,False,False,True,Medium Non-tufted grass/sedge,3,0.003215434083601286
Gap,1,10,False,False,True,Medium Non-tufted grass/sedge,6,0.003215434083601286
Gap,1,10,False,False,True,Prostrate or Mat-forming Forb/Herb,0,0.03215434083601286
Gap,1,10,False,False,True,Prostrate or Mat-forming Forb/Herb,3,0.006430868167202572
Gap,1,10,False,False,True,Prostrate or Mat-forming Forb/Herb,6,0.006430868167202572
Gap,1,10,False,False,True,Small Tufted grass/sedge,0,0.0
Gap,1,10,False,False,True,Small Tufted grass/sedge,3,0.003215434083601286
Gap,1,10,False,False,True,Small Tufted grass/sedge,6,0.006430868167202572
Gap,1,11,False,False,False,Large Forb/Herb,0,0.037037037037037035
Gap,1,11,False,False,False,Large Forb/Herb,3,0.05555555555555555
Gap,1,11,False,False,False,Large Forb/Herb,6,0.09259259259259259
Gap,1,11,False,False,False,Medium Forb/Herb,0,0.05555555555555555
Gap,1,11,False,False,False,Medium Forb/Herb,3,0.14814814814814814
Gap,1,11,False,False,False,Medium Forb/Herb,6,0.07407407407407407
Gap,1,11,False,False,False,Medium Tufted grass/sedge,0,0.37037037037037035
Gap,1,11,False,False,False,Medium Tufted grass/sedge,3,0.037037037037037035
Gap,1,11,False,False,False,Medium Tufted grass/sedge,6,0.0
Gap,1,11,False,False,False,Prostrate or Mat-forming Forb/Herb,0,0.0
Gap,1,11,False,False,False,Prostrate or Mat-forming Forb/Herb,3,0.0
Gap,1,11,False,False,False,Prostrate or Mat-forming Forb/Herb,6,0.037037037037037035
Gap,1,11,False,False,False,Small Non-tufted grass/sedge,0,0.018518518518518517
Gap,1,11,False,False,False,Small Non-tufted grass/sedge,3,0.018518518518518517
Gap,1,11,False,False,False,Small Non-tufted grass/sedge,6,0.037037037037037035
Gap,1,11,False,False,False,Small Tufted grass/sedge,0,0.0
Gap,1,11,False,False,False,Small Tufted grass/sedge,3,0.018518518518518517
Gap,1,11,False,False,False,Small Tufted grass/sedge,6,0.0
Gap,1,11,False,False,True,Large Forb/Herb,0,0.30303030303030304
Gap,1,11,False,False,True,Large Forb/Herb,3,0.15151515151515152
Gap,1,11,False,False,True,Large Forb/Herb,6,0.45454545454545453
Gap,1,11,False,False,True,Medium Forb/Herb,0,0.0
Gap,1,11,False,False,True,Medium Forb/Herb,3,0.022727272727272728
Gap,1,11,False,False,True,Medium Forb/Herb,6,0.0
Gap,1,11,False,False,True,Medium Non-tufted grass/sedge,0,0.007575757575757576
Gap,1,11,False,False,True,Medium Non-tufted grass/sedge,3,0.007575757575757576
Gap,1,11,False,False,True,Medium Non-tufted grass/sedge,6,0.007575757575757576
Gap,1,11,False,False,True,Prostrate or Mat-forming Forb/Herb,0,0.007575757575757576
Gap,1,11,False,False,True,Prostrate or Mat-forming Forb/Herb,3,0.015151515151515152
Gap,1,11,False,False,True,Prostrate or Mat-forming Forb/Herb,6,0.007575757575757576
Gap,1,11,False,False,True,Small Tufted grass/sedge,0,0.007575757575757576
Gap,1,11,False,False,True,Small Tufted grass/sedge,3,0.0
Gap,1,11,False,False,True,Small Tufted grass/sedge,6,0.007575757575757576
Gap,1,12,False,False,False,Large Forb/Herb,0,0.03125
Gap,1,12,False,False,False,Large Forb/Herb,3,0.0625
Gap,1,12,False,False,False,Large Forb/Herb,6,0.03125
Gap,1,12,False,False,False,Large Tufted grass/sedge,0,0.0
Gap,1,12,False,False,False,Large Tufted grass/sedge,3,0.03125
Gap,1,12,False,False,False,Large Tufted grass/sedge,6,0.0
Gap,1,12,False,False,False,Medium Forb/Herb,0,0.09375
Gap,1,12,False,False,False,Medium Forb/Herb,3,0.0625
Gap,1,12,False,False,False,Medium Forb/Herb,6,0.15625
Gap,1,12,False,False,False,Medium Non-tufted grass/sedge,0,0.0
Gap,1,12,False,False,False,Medium Non-tufted grass/sedge,3,0.0
Gap,1,12,False,False,False,Medium Non-tufted grass/sedge,6,0.03125
Gap,1,12,False,False,False,Medium Tufted grass/sedge,0,0.0625
Gap,1,12,False,False,False,Medium Tufted grass/sedge,3,0.0625
Gap,1,12,False,False,False,Medium Tufted grass/sedge,6,0.0625
Gap,1,12,False,False,False,Non-tufted Ground Fern,0,0.0
Gap,1,12,False,False,False,Non-tufted Ground Fern,3,0.0625
Gap,1,12,False,False,False,Non-tufted Ground Fern,6,0.03125
Gap,1,12,False,False,False,Prostrate or Mat-forming Forb/Herb,0,0.0
Gap,1,12,False,False,False,Prostrate or Mat-forming Forb/Herb,3,0.0
Gap,1,12,False,False,False,Prostrate or Mat-forming Forb/Herb,6,0.03125
Gap,1,12,False,False,False,Small Non-tufted grass/sedge,0,0.03125
Gap,1,12,False,False,False,Small Non-tufted grass/sedge,3,0.0
Gap,1,12,False,False,False,Small Non-tufted grass/sedge,6,0.03125
Gap,1,12,False,False,False,Small Tufted grass/sedge,0,0.0
Gap,1,12,False,False,False,Small Tufted grass/sedge,3,0.0
Gap,1,12,False,False,False,Small Tufted grass/sedge,6,0.125
Gap,1,12,False,False,True,Large Forb/Herb,0,0.36764705882352944
Gap,1,12,False,False,True,Large Forb/Herb,3,0.36764705882352944
Gap,1,12,False,False,True,Large Forb/Herb,6,0.22058823529411764
Gap,1,12,False,False,True,Medium Forb/Herb,0,0.007352941176470588
Gap,1,12,False,False,True,Medium Forb/Herb,3,0.0
Gap,1,12,False,False,True,Medium Forb/Herb,6,0.011029411764705883
Gap,1,12,False,False,True,Medium Non-tufted grass/sedge,0,0.003676470588235294
Gap,1,12,False,False,True,Medium Non-tufted grass/sedge,3,0.0
Gap,1,12,False,False,True,Medium Non-tufted grass/sedge,6,0.003676470588235294
Gap,1,12,False,False,True,Prostrate or Mat-forming Forb/Herb,0,0.007352941176470588
Gap,1,12,False,False,True,Prostrate or Mat-forming Forb/Herb,3,0.007352941176470588
Gap,1,12,False,False,True,Prostrate or Mat-forming Forb/Herb,6,0.0
Gap,1,12,False,False,True,Small Tufted grass/sedge,0,0.0
Gap,1,12,False,False,True,Small Tufted grass/sedge,3,0.0
Gap,1,12,False,False,True,Small Tufted grass/sedge,6,0.003676470588235294
Gap,1,13,False,True,False,Large Forb/Herb,0,0.02631578947368421
Gap,1,13,False,True,False,Large Forb/Herb,3,0.07894736842105263
Gap,1,13,False,True,False,Large Forb/Herb,6,0.10526315789473684
Gap,1,13,False,True,False,Large Tufted grass/sedge,0,0.02631578947368421
Gap,1,13,False,True,False,Large Tufted grass/sedge,3,0.0
Gap,1,13,False,True,False,Large Tufted grass/sedge,6,0.0
Gap,1,13,False,True,False,Medium Forb/Herb,0,0.07894736842105263
Gap,1,13,False,True,False,Medium Forb/Herb,3,0.02631578947368421
Gap,1,13,False,True,False,Medium Forb/Herb,6,0.10526315789473684
Gap,1,13,False,True,False,Medium Tufted grass/sedge,0,0.07894736842105263
Gap,1,13,False,True,False,Medium Tufted grass/sedge,3,0.07894736842105263
Gap,1,13,False,True,False,Medium Tufted grass/sedge,6,0.02631578947368421
Gap,1,13,False,True,False,Non-tufted Ground Fern,0,0.02631578947368421
Gap,1,13,False,True,False,Non-tufted Ground Fern,3,0.0
Gap,1,13,False,True,False,Non-tufted Ground Fern,6,0.0
Gap,1,13,False,True,False,Prostrate or Mat-forming Forb/Herb,0,0.02631578947368421
Gap,1,13,False,True,False,Prostrate or Mat-forming Forb/Herb,3,0.02631578947368421
Gap,1,13,False,True,False,Prostrate or Mat-forming Forb/Herb,6,0.07894736842105263
Gap,1,13,False,True,False,Small Non-tufted grass/sedge,0,0.0
Gap,1,13,False,True,False,Small Non-tufted grass/sedge,3,0.02631578947368421
Gap,1,13,False,True,False,Small Non-tufted grass/sedge,6,0.0
Gap,1,13,False,True,False,Small Tufted grass/sedge,0,0.02631578947368421
Gap,1,13,False,True,False,Small Tufted grass/sedge,3,0.10526315789473684
Gap,1,13,False,True,False,Small Tufted grass/sedge,6,0.05263157894736842
Gap,1,13,False,True,True,Large Forb/Herb,0,0.21052631578947367
Gap,1,13,False,True,True,Large Forb/Herb,3,0.3157894736842105
Gap,1,13,False,True,True,Large Forb/Herb,6,0.42105263157894735
Gap,1,13,False,True,True,Medium Forb/Herb,0,0.005263157894736842
Gap,1,13,False,True,True,Medium Forb/Herb,3,0.0
Gap,1,13,False,True,True,Medium Forb/Herb,6,0.010526315789473684
Gap,1,13,False,True,True,Medium Non-tufted grass/sedge,0,0.010526315789473684
Gap,1,13,False,True,True,Medium Non-tufted grass/sedge,3,0.0
Gap,1,13,False,True,True,Medium Non-tufted grass/sedge,6,0.005263157894736842
Gap,1,13,False,True,True,Prostrate or Mat-forming Forb/Herb,0,0.005263157894736842
Gap,1,13,False,True,True,Prostrate or Mat-forming Forb/Herb,3,0.005263157894736842
Gap,1,13,False,True,True,Prostrate or Mat-forming Forb/Herb,6,0.005263157894736842
Gap,1,13,False,True,True,Small Tufted grass/sedge,0,0.005263157894736842
Gap,1,13,False,True,True,Small Tufted grass/sedge,3,0.0
Gap,1,13,False,True,True,Small Tufted grass/sedge,6,0.0
Gap,1,14,False,False,False,Large Forb/Herb,0,0.05
Gap,1,14,False,False,False,Large Forb/Herb,3,0.05
Gap,1,14,False,False,False,Large Forb/Herb,6,0.0
Gap,1,14,False,False,False,Large Tufted grass/sedge,0,0.05
Gap,1,14,False,False,False,Large Tufted grass/sedge,3,0.0
Gap,1,14,False,False,False,Large Tufted grass/sedge,6,0.0
Gap,1,14,False,False,False,Medium Forb/Herb,0,0.1
Gap,1,14,False,False,False,Medium Forb/Herb,3,0.0
Gap,1,14,False,False,False,Medium Forb/Herb,6,0.0
Gap,1,14,False,False,False,Medium Tufted grass/sedge,0,0.1
Gap,1,14,False,False,False,Medium Tufted grass/sedge,3,0.15
Gap,1,14,False,False,False,Medium Tufted grass/sedge,6,0.05
Gap,1,14,False,False,False,Non-tufted Ground Fern,0,0.0
Gap,1,14,False,False,False,Non-tufted Ground Fern,3,0.05
Gap,1,14,False,False,False,Non-tufted Ground Fern,6,0.0
Gap,1,14,False,False,False,Prostrate or Mat-forming Forb/Herb,0,0.0
Gap,1,14,False,False,False,Prostrate or Mat-forming Forb/Herb,3,0.0
Gap,1,14,False,False,False,Prostrate or Mat-forming Forb/Herb,6,0.1
Gap,1,14,False,False,False,Small Non-tufted grass/sedge,0,0.05
Gap,1,14,False,False,False,Small Non-tufted grass/sedge,3,0.0
Gap,1,14,False,False,False,Small Non-tufted grass/sedge,6,0.0
Gap,1,14,False,False,False,Small Tufted grass/sedge,0,0.05
Gap,1,14,False,False,False,Small Tufted grass/sedge,3,0.1
Gap,1,14,False,False,False,Small Tufted grass/sedge,6,0.1
Gap,1,14,False,False,True,Large Forb/Herb,0,0.273972602739726
Gap,1,14,False,False,True,Large Forb/Herb,3,0.365296803652968
Gap,1,14,False,False,True,Large Forb/Herb,6,0.0
Gap,1,14,False,False,True,Medium Forb/Herb,0,0.0
Gap,1,14,False,False,True,Medium Forb/Herb,3,0.0
Gap,1,14,False,False,True,Medium Forb/Herb,6,0.2785388127853881
Gap,1,14,False,False,True,Medium Non-tufted grass/sedge,0,0.0091324200913242
Gap,1,14,False,False,True,Medium Non-tufted grass/sedge,3,0.0091324200913242
Gap,1,14,False,False,True,Medium Non-tufted grass/sedge,6,0.0045662100456621
Gap,1,14,False,False,True,Prostrate or Mat-forming Forb/Herb,0,0.045662100456621
Gap,1,14,False,False,True,Prostrate or Mat-forming Forb/Herb,3,0.0045662100456621
Gap,1,14,False,False,True,Prostrate or Mat-forming Forb/Herb,6,0.0045662100456621
Gap,1,14,False,False,True,Small Tufted grass/sedge,0,0.0
Gap,1,14,False,False,True,Small Tufted grass/sedge,3,0.0
Gap,1,14,False,False,True,Small Tufted grass/sedge,6,0.0045662100456621
Gap,1,15,False,False,False,Large Forb/Herb,0,0.06521739130434782
Gap,1,15,False,False,False,Large Forb/Herb,3,0.08695652173913043
Gap,1,15,False,False,False,Large Forb/Herb,6,0.10869565217391304
Gap,1,15,False,False,False,Medium Forb/Herb,0,0.08695652173913043
Gap,1,15,False,False,False,Medium Forb/Herb,3,0.08695652173913043
Gap,1,15,False,False,False,Medium Forb/Herb,6,0.08695652173913043
Gap,1,15,False,False,False,Medium Tufted grass/sedge,0,0.06521739130434782
Gap,1,15,False,False,False,Medium Tufted grass/sedge,3,0.021739130434782608
Gap,1,15,False,False,False,Medium Tufted grass/sedge,6,0.021739130434782608
Gap,1,15,False,False,False,Prostrate or Mat-forming Forb/Herb,0,0.021739130434782608
Gap,1,15,False,False,False,Prostrate or Mat-forming Forb/Herb,3,0.021739130434782608
Gap,1,15,False,False,False,Prostrate or Mat-forming Forb/Herb,6,0.043478260869565216
Gap,1,15,False,False,False,Small Non-tufted grass/sedge,0,0.021739130434782608
Gap,1,15,False,False,False,Small Non-tufted grass/sedge,3,0.043478260869565216
Gap,1,15,False,False,False,Small Non-tufted grass/sedge,6,0.043478260869565216
Gap,1,15,False,False,False,Small Tufted grass/sedge,0,0.043478260869565216
Gap,1,15,False,False,False,Small Tufted grass/sedge,3,0.08695652173913043
Gap,1,15,False,False,False,Small Tufted grass/sedge,6,0.043478260869565216
Gap,1,15,False,False,True,Climber,0,0.003436426116838488
Gap,1,15,False,False,True,Climber,3,0.0
Gap,1,15,False,False,True,Climber,6,0.003436426116838488
Gap,1,15,False,False,True,Large Forb/Herb,0,0.27491408934707906
Gap,1,15,False,False,True,Large Forb/Herb,3,0.27491408934707906
Gap,1,15,False,False,True,Large Forb/Herb,6,0.3436426116838488
Gap,1,15,False,False,True,Medium Forb/Herb,0,0.010309278350515464
Gap,1,15,False,False,True,Medium Forb/Herb,3,0.041237113402061855
Gap,1,15,False,False,True,Medium Forb/Herb,6,0.010309278350515464
Gap,1,15,False,False,True,Medium Non-tufted grass/sedge,0,0.006872852233676976
Gap,1,15,False,False,True,Medium Non-tufted grass/sedge,3,0.006872852233676976
Gap,1,15,False,False,True,Medium Non-tufted grass/sedge,6,0.003436426116838488
Gap,1,15,False,False,True,Prostrate or Mat-forming Forb/Herb,0,0.006872852233676976
Gap,1,15,False,False,True,Prostrate or Mat-forming Forb/Herb,3,0.0
Gap,1,15,False,False,True,Prostrate or Mat-forming Forb/Herb,6,0.0
Gap,1,15,False,False,True,Small Forb/Herb,0,0.003436426116838488
Gap,1,15,False,False,True,Small Forb/Herb,3,0.0
Gap,1,15,False,False,True,Small Forb/Herb,6,0.0
Gap,1,15,False,False,True,Small Tufted grass/sedge,0,0.0
Gap,1,15,False,False,True,Small Tufted grass/sedge,3,0.003436426116838488
Gap,1,15,False,False,True,Small Tufted grass/sedge,6,0.003436426116838488
Gap,1,15,False,False,True,Tufted Ground Fern,0,0.0
Gap,1,15,False,False,True,Tufted Ground Fern,3,0.0
Gap,1,15,False,False,True,Tufted Ground Fern,6,0.003436426116838488
Gap,1,16,False,False,False,Large Forb/Herb,0,0.027777777777777776
Gap,1,16,False,False,False,Large Forb/Herb,3,0.05555555555555555
Gap,1,16,False,False,False,Large Forb/Herb,6,0.08333333333333333
Gap,1,16,False,False,False,Medium Forb/Herb,0,0.1111111111111111
Gap,1,16,False,False,False,Medium Forb/Herb,3,0.16666666666666666
Gap,1,16,False,False,False,Medium Forb/Herb,6,0.1111111111111111
Gap,1,16,False,False,False,Medium Tufted grass/sedge,0,0.05555555555555555
Gap,1,16,False,False,False,Medium Tufted grass/sedge,3,0.027777777777777776
Gap,1,16,False,False,False,Medium Tufted grass/sedge,6,0.05555555555555555
Gap,1,16,False,False,False,Prostrate or Mat-forming Forb/Herb,0,0.0
Gap,1,16,False,False,False,Prostrate or Mat-forming Forb/Herb,3,0.05555555555555555
Gap,1,16,False,False,False,Prostrate or Mat-forming Forb/Herb,6,0.05555555555555555
Gap,1,16,False,False,False,Small Non-tufted grass/sedge,0,0.027777777777777776
Gap,1,16,False,False,False,Small Non-tufted grass/sedge,3,0.05555555555555555
Gap,1,16,False,False,False,Small Non-tufted grass/sedge,6,0.027777777777777776
Gap,1,16,False,False,False,Small Tufted grass/sedge,0,0.027777777777777776
Gap,1,16,False,False,False,Small Tufted grass/sedge,3,0.05555555555555555
Gap,1,16,False,False,False,Small Tufted grass/sedge,6,0.0
Gap,1,16,False,False,True,Large Forb/Herb,0,0.2962962962962963
Gap,1,16,False,False,True,Large Forb/Herb,3,0.2962962962962963
Gap,1,16,False,False,True,Large Forb/Herb,6,0.2962962962962963
Gap,1,16,False,False,True,Medium Forb/Herb,0,0.0
Gap,1,16,False,False,True,Medium Forb/Herb,3,0.022222222222222223
Gap,1,16,False,False,True,Medium Forb/Herb,6,0.014814814814814815
Gap,1,16,False,False,True,Medium Non-tufted grass/sedge,0,0.007407407407407408
Gap,1,16,False,False,True,Medium Non-tufted grass/sedge,3,0.007407407407407408
Gap,1,16,False,False,True,Medium Non-tufted grass/sedge,6,0.007407407407407408
Gap,1,16,False,False,True,Prostrate or Mat-forming Forb/Herb,0,0.014814814814814815
Gap,1,16,False,False,True,Prostrate or Mat-forming Forb/Herb,3,0.014814814814814815
Gap,1,16,False,False,True,Prostrate or Mat-forming Forb/Herb,6,0.014814814814814815
Gap,1,16,False,False,True,Small Tufted grass/sedge,0,0.0
Gap,1,16,False,False,True,Small Tufted grass/sedge,3,0.0
Gap,1,16,False,False,True,Small Tufted grass/sedge,6,0.007407407407407408
Gap,8,1,False,False,False,Large Forb/Herb,0,0.12195121951219512
Gap,8,1,False,False,False,Large Forb/Herb,3,0.0975609756097561
Gap,8,1,False,False,False,Large Forb/Herb,6,0.04878048780487805
Gap,8,1,False,False,False,Large Tufted grass/sedge,0,0.024390243902439025
Gap,8,1,False,False,False,Large Tufted grass/sedge,3,0.0
Gap,8,1,False,False,False,Large Tufted grass/sedge,6,0.0
Gap,8,1,False,False,False,Medium Forb/Herb,0,0.17073170731707318
Gap,8,1,False,False,False,Medium Forb/Herb,3,0.04878048780487805
Gap,8,1,False,False,False,Medium Forb/Herb,6,0.04878048780487805
Gap,8,1,False,False,False,Medium Tufted grass/sedge,0,0.024390243902439025
Gap,8,1,False,False,False,Medium Tufted grass/sedge,3,0.0
Gap,8,1,False,False,False,Medium Tufted grass/sedge,6,0.024390243902439025
Gap,8,1,False,False,False,Prostrate or Mat-forming Forb/Herb,0,0.07317073170731707
Gap,8,1,False,False,False,Prostrate or Mat-forming Forb/Herb,3,0.024390243902439025
Gap,8,1,False,False,False,Prostrate or Mat-forming Forb/Herb,6,0.04878048780487805
Gap,8,1,False,False,False,Small Non-tufted grass/sedge,0,0.04878048780487805
Gap,8,1,False,False,False,Small Non-tufted grass/sedge,3,0.024390243902439025
Gap,8,1,False,False,False,Small Non-tufted grass/sedge,6,0.0
Gap,8,1,False,False,False,Small Tufted grass/sedge,0,0.0975609756097561
Gap,8,1,False,False,False,Small Tufted grass/sedge,3,0.04878048780487805
Gap,8,1,False,False,False,Small Tufted grass/sedge,6,0.024390243902439025
Gap,8,1,False,False,True,Large Forb/Herb,0,0.2952029520295203
Gap,8,1,False,False,True,Large Forb/Herb,3,0.2952029520295203
Gap,8,1,False,False,True,Large Forb/Herb,6,0.36900369003690037
Gap,8,1,False,False,True,Medium Forb/Herb,0,0.01107011070110701
Gap,8,1,False,False,True,Medium Forb/Herb,3,0.0036900369003690036
Gap,8,1,False,False,True,Medium Forb/Herb,6,0.0036900369003690036
Gap,8,1,False,False,True,Medium Non-tufted grass/sedge,0,0.0036900369003690036
Gap,8,1,False,False,True,Medium Non-tufted grass/sedge,3,0.0036900369003690036
Gap,8,1,False,False,True,Medium Non-tufted grass/sedge,6,0.0
Gap,8,1,False,False,True,Prostrate or Mat-forming Forb/Herb,0,0.0036900369003690036
Gap,8,1,False,False,True,Prostrate or Mat-forming Forb/Herb,3,0.0036900369003690036
Gap,8,1,False,False,True,Prostrate or Mat-forming Forb/Herb,6,0.0036900369003690036
Gap,8,1,False,False,True,Small Tufted grass/sedge,0,0.0
Gap,8,1,False,False,True,Small Tufted grass/sedge,3,0.0
Gap,8,1,False,False,True,Small Tufted grass/sedge,6,0.0036900369003690036
Gap,8,2,False,False,False,Large Forb/Herb,0,0.1111111111111111
Gap,8,2,False,False,False,Large Forb/Herb,3,0.07407407407407407
Gap,8,2,False,False,False,Large Forb/Herb,6,0.0
Gap,8,2,False,False,False,Large Tufted grass/sedge,0,0.0
Gap,8,2,False,False,False,Large Tufted grass/sedge,3,0.037037037037037035
Gap,8,2,False,False,False,Large Tufted grass/sedge,6,0.0
Gap,8,2,False,False,False,Medium Forb/Herb,0,0.07407407407407407
Gap,8,2,False,False,False,Medium Forb/Herb,3,0.14814814814814814
Gap,8,2,False,False,False,Medium Forb/Herb,6,0.1111111111111111
Gap,8,2,False,False,False,Prostrate or Mat-forming Forb/Herb,0,0.07407407407407407
Gap,8,2,False,False,False,Prostrate or Mat-forming Forb/Herb,3,0.037037037037037035
Gap,8,2,False,False,False,Prostrate or Mat-forming Forb/Herb,6,0.07407407407407407
Gap,8,2,False,False,False,Small Non-tufted grass/sedge,0,0.0
Gap,8,2,False,False,False,Small Non-tufted grass/sedge,3,0.037037037037037035
Gap,8,2,False,False,False,Small Non-tufted grass/sedge,6,0.0
Gap,8,2,False,False,False,Small Tufted grass/sedge,0,0.07407407407407407
Gap,8,2,False,False,False,Small Tufted grass/sedge,3,0.07407407407407407
Gap,8,2,False,False,False,Small Tufted grass/sedge,6,0.07407407407407407
Gap,8,2,False,False,True,Large Forb/Herb,0,0.06666666666666667
Gap,8,2,False,False,True,Large Forb/Herb,3,0.06666666666666667
Gap,8,2,False,False,True,Large Forb/Herb,6,0.13333333333333333
Gap,8,2,False,False,True,Medium Forb/Herb,0,0.0
Gap,8,2,False,False,True,Medium Forb/Herb,3,0.06666666666666667
Gap,8,2,False,False,True,Medium Forb/Herb,6,0.2
Gap,8,2,False,False,True,Medium Non-tufted grass/sedge,0,0.06666666666666667
Gap,8,2,False,False,True,Medium Non-tufted grass/sedge,3,0.06666666666666667
Gap,8,2,False,False,True,Medium Non-tufted grass/sedge,6,0.06666666666666667
Gap,8,2,False,False,True,Prostrate or Mat-forming Forb/Herb,0,0.13333333333333333
Gap,8,2,False,False,True,Prostrate or Mat-forming Forb/Herb,3,0.0
Gap,8,2,False,False,True,Prostrate or Mat-forming Forb/Herb,6,0.0
Gap,8,2,False,False,True,Small Tufted grass/sedge,0,0.0
Gap,8,2,False,False,True,Small Tufted grass/sedge,3,0.0
Gap,8,2,False,False,True,Small Tufted grass/sedge,6,0.13333333333333333
Gap,8,3,False,True,False,Large Forb/Herb,0,0.019230769230769232
Gap,8,3,False,True,False,Large Forb/Herb,3,0.04807692307692308
Gap,8,3,False,True,False,Large Forb/Herb,6,0.0
Gap,8,3,False,True,False,Large Tufted grass/sedge,0,0.019230769230769232
Gap,8,3,False,True,False,Large Tufted grass/sedge,3,0.0
Gap,8,3,False,True,False,Large Tufted grass/sedge,6,0.0
Gap,8,3,False,True,False,Medium Forb/Herb,0,0.09615384615384616
Gap,8,3,False,True,False,Medium Forb/Herb,3,0.1346153846153846
Gap,8,3,False,True,False,Medium Forb/Herb,6,0.0673076923076923
Gap,8,3,False,True,False,Medium Tufted grass/sedge,0,0.0
Gap,8,3,False,True,False,Medium Tufted grass/sedge,3,0.009615384615384616
Gap,8,3,False,True,False,Medium Tufted grass/sedge,6,0.009615384615384616
Gap,8,3,False,True,False,Prostrate or Mat-forming Forb/Herb,0,0.009615384615384616
Gap,8,3,False,True,False,Prostrate or Mat-forming Forb/Herb,3,0.009615384615384616
Gap,8,3,False,True,False,Prostrate or Mat-forming Forb/Herb,6,0.09615384615384616
Gap,8,3,False,True,False,Shrub,0,0.009615384615384616
Gap,8,3,False,True,False,Shrub,3,0.0
Gap,8,3,False,True,False,Shrub,6,0.0
Gap,8,3,False,True,False,Small Non-tufted grass/sedge,0,0.009615384615384616
Gap,8,3,False,True,False,Small Non-tufted grass/sedge,3,0.019230769230769232
Gap,8,3,False,True,False,Small Non-tufted grass/sedge,6,0.0
Gap,8,3,False,True,False,Small Tufted grass/sedge,0,0.40384615384615385
Gap,8,3,False,True,False,Small Tufted grass/sedge,3,0.028846153846153848
Gap,8,3,False,True,False,Small Tufted grass/sedge,6,0.009615384615384616
Gap,8,3,False,True,True,Medium Forb/Herb,0,0.011764705882352941
Gap,8,3,False,True,True,Medium Forb/Herb,3,0.058823529411764705
Gap,8,3,False,True,True,Medium Forb/Herb,6,0.047058823529411764
Gap,8,3,False,True,True,Medium Non-tufted grass/sedge,0,0.023529411764705882
Gap,8,3,False,True,True,Medium Non-tufted grass/sedge,3,0.23529411764705882
Gap,8,3,False,True,True,Medium Non-tufted grass/sedge,6,0.11764705882352941
Gap,8,3,False,True,True,Prostrate or Mat-forming Forb/Herb,0,0.47058823529411764
Gap,8,3,False,True,True,Prostrate or Mat-forming Forb/Herb,3,0.023529411764705882
Gap,8,3,False,True,True,Prostrate or Mat-forming Forb/Herb,6,0.0
Gap,8,3,False,True,True,Small Tufted grass/sedge,0,0.0
Gap,8,3,False,True,True,Small Tufted grass/sedge,3,0.0
Gap,8,3,False,True,True,Small Tufted grass/sedge,6,0.011764705882352941
Gap,8,4,False,True,False,Large Forb/Herb,0,0.1
Gap,8,4,False,True,False,Large Forb/Herb,3,0.0
Gap,8,4,False,True,False,Large Forb/Herb,6,0.0
Gap,8,4,False,True,False,Large Tufted grass/sedge,0,0.06666666666666667
Gap,8,4,False,True,False,Large Tufted grass/sedge,3,0.06666666666666667
Gap,8,4,False,True,False,Large Tufted grass/sedge,6,0.0
Gap,8,4,False,True,False,Medium Forb/Herb,0,0.13333333333333333
Gap,8,4,False,True,False,Medium Forb/Herb,3,0.1
Gap,8,4,False,True,False,Medium Forb/Herb,6,0.1
Gap,8,4,False,True,False,Medium Tufted grass/sedge,0,0.0
Gap,8,4,False,True,False,Medium Tufted grass/sedge,3,0.0
Gap,8,4,False,True,False,Medium Tufted grass/sedge,6,0.06666666666666667
Gap,8,4,False,True,False,Prostrate or Mat-forming Forb/Herb,0,0.06666666666666667
Gap,8,4,False,True,False,Prostrate or Mat-forming Forb/Herb,3,0.0
Gap,8,4,False,True,False,Prostrate or Mat-forming Forb/Herb,6,0.03333333333333333
Gap,8,4,False,True,False,Shrub,0,0.03333333333333333
Gap,8,4,False,True,False,Shrub,3,0.0
Gap,8,4,False,True,False,Shrub,6,0.0
Gap,8,4,False,True,False,Small Non-tufted grass/sedge,0,0.03333333333333333
Gap,8,4,False,True,False,Small Non-tufted grass/sedge,3,0.0
Gap,8,4,False,True,False,Small Non-tufted grass/sedge,6,0.0
Gap,8,4,False,True,False,Small Tufted grass/sedge,0,0.1
Gap,8,4,False,True,False,Small Tufted grass/sedge,3,0.06666666666666667
Gap,8,4,False,True,False,Small Tufted grass/sedge,6,0.03333333333333333
Gap,8,4,False,True,True,Large Forb/Herb,0,0.12658227848101267
Gap,8,4,False,True,True,Large Forb/Herb,3,0.12658227848101267
Gap,8,4,False,True,True,Large Forb/Herb,6,0.5063291139240507
Gap,8,4,False,True,True,Medium Forb/Herb,0,0.0
Gap,8,4,False,True,True,Medium Forb/Herb,3,0.012658227848101266
Gap,8,4,False,True,True,Medium Forb/Herb,6,0.02531645569620253
Gap,8,4,False,True,True,Medium Non-tufted grass/sedge,0,0.02531645569620253
Gap,8,4,False,True,True,Medium Non-tufted grass/sedge,3,0.02531645569620253
Gap,8,4,False,True,True,Medium Non-tufted grass/sedge,6,0.012658227848101266
Gap,8,4,False,True,True,Prostrate or Mat-forming Forb/Herb,0,0.02531645569620253
Gap,8,4,False,True,True,Prostrate or Mat-forming Forb/Herb,3,0.02531645569620253
Gap,8,4,False,True,True,Prostrate or Mat-forming Forb/Herb,6,0.012658227848101266
Gap,8,4,False,True,True,Small Tufted grass/sedge,0,0.0
Gap,8,4,False,True,True,Small Tufted grass/sedge,3,0.0
Gap,8,4,False,True,True,Small Tufted grass/sedge,6,0.02531645569620253
Gap,8,4,False,True,True,Tufted Ground Fern,0,0.012658227848101266
Gap,8,4,False,True,True,Tufted Ground Fern,3,0.012658227848101266
Gap,8,4,False,True,True,Tufted Ground Fern,6,0.02531645569620253
Gap,8,5,False,False,False,Large Forb/Herb,0,0.10638297872340426
Gap,8,5,False,False,False,Large Forb/Herb,3,0.06382978723404255
Gap,8,5,False,False,False,Large Forb/Herb,6,0.0425531914893617
Gap,8,5,False,False,False,Medium Forb/Herb,0,0.0851063829787234
Gap,8,5,False,False,False,Medium Forb/Herb,3,0.0851063829787234
Gap,8,5,False,False,False,Medium Forb/Herb,6,0.1276595744680851
Gap,8,5,False,False,False,Medium Tufted grass/sedge,0,0.0851063829787234
Gap,8,5,False,False,False,Medium Tufted grass/sedge,3,0.0425531914893617
Gap,8,5,False,False,False,Medium Tufted grass/sedge,6,0.06382978723404255
Gap,8,5,False,False,False,Prostrate or Mat-forming Forb/Herb,0,0.02127659574468085
Gap,8,5,False,False,False,Prostrate or Mat-forming Forb/Herb,3,0.02127659574468085
Gap,8,5,False,False,False,Prostrate or Mat-forming Forb/Herb,6,0.0425531914893617
Gap,8,5,False,False,False,Small Non-tufted grass/sedge,0,0.02127659574468085
Gap,8,5,False,False,False,Small Non-tufted grass/sedge,3,0.02127659574468085
Gap,8,5,False,False,False,Small Non-tufted grass/sedge,6,0.0
Gap,8,5,False,False,False,Small Tufted grass/sedge,0,0.0425531914893617
Gap,8,5,False,False,False,Small Tufted grass/sedge,3,0.06382978723404255
Gap,8,5,False,False,False,Small Tufted grass/sedge,6,0.06382978723404255
Gap,8,5,False,False,True,Large Forb/Herb,0,0.26143790849673204
Gap,8,5,False,False,True,Large Forb/Herb,3,0.39215686274509803
Gap,8,5,False,False,True,Large Forb/Herb,6,0.26143790849673204
Gap,8,5,False,False,True,Medium Forb/Herb,0,0.013071895424836602
Gap,8,5,False,False,True,Medium Forb/Herb,3,0.0196078431372549
Gap,8,5,False,False,True,Medium Forb/Herb,6,0.006535947712418301
Gap,8,5,False,False,True,Medium Non-tufted grass/sedge,0,0.006535947712418301
Gap,8,5,False,False,True,Medium Non-tufted grass/sedge,3,0.006535947712418301
Gap,8,5,False,False,True,Medium Non-tufted grass/sedge,6,0.006535947712418301
Gap,8,5,False,False,True,Prostrate or Mat-forming Forb/Herb,0,0.006535947712418301
Gap,8,5,False,False,True,Prostrate or Mat-forming Forb/Herb,3,0.006535947712418301
Gap,8,5,False,False,True,Prostrate or Mat-forming Forb/Herb,6,0.0
Gap,8,5,False,False,True,Small Tufted grass/sedge,0,0.0
Gap,8,5,False,False,True,Small Tufted grass/sedge,3,0.006535947712418301
Gap,8,5,False,False,True,Small Tufted grass/sedge,6,0.006535947712418301
Gap,8,6,False,True,False,Large Forb/Herb,0,0.024193548387096774
Gap,8,6,False,True,False,Large Forb/Herb,3,0.04032258064516129
Gap,8,6,False,True,False,Large Forb/Herb,6,0.024193548387096774
Gap,8,6,False,True,False,Medium Forb/Herb,0,0.04838709677419355
Gap,8,6,False,True,False,Medium Forb/Herb,3,0.04032258064516129
Gap,8,6,False,True,False,Medium Forb/Herb,6,0.024193548387096774
Gap,8,6,False,True,False,Medium Non-tufted grass/sedge,0,0.0
Gap,8,6,False,True,False,Medium Non-tufted grass/sedge,3,0.0
Gap,8,6,False,True,False,Medium Non-tufted grass/sedge,6,0.008064516129032258
Gap,8,6,False,True,False,Medium Tufted grass/sedge,0,0.008064516129032258
Gap,8,6,False,True,False,Medium Tufted grass/sedge,3,0.016129032258064516
Gap,8,6,False,True,False,Medium Tufted grass/sedge,6,0.6532258064516129
Gap,8,6,False,True,False,Prostrate or Mat-forming Forb/Herb,0,0.0
Gap,8,6,False,True,False,Prostrate or Mat-forming Forb/Herb,3,0.008064516129032258
Gap,8,6,False,True,False,Prostrate or Mat-forming Forb/Herb,6,0.024193548387096774
Gap,8,6,False,True,False,Small Non-tufted grass/sedge,0,0.008064516129032258
Gap,8,6,False,True,False,Small Non-tufted grass/sedge,3,0.016129032258064516
Gap,8,6,False,True,False,Small Non-tufted grass/sedge,6,0.008064516129032258
Gap,8,6,False,True,False,Small Tufted grass/sedge,0,0.024193548387096774
Gap,8,6,False,True,False,Small Tufted grass/sedge,3,0.024193548387096774
Gap,8,6,False,True,False,Small Tufted grass/sedge,6,0.0
Gap,8,6,False,True,True,Large Forb/Herb,0,0.35874439461883406
Gap,8,6,False,True,True,Large Forb/Herb,3,0.26905829596412556
Gap,8,6,False,True,True,Large Forb/Herb,6,0.35874439461883406
Gap,8,6,False,True,True,Medium Forb/Herb,0,0.0
Gap,8,6,False,True,True,Medium Forb/Herb,3,0.0
Gap,8,6,False,True,True,Medium Forb/Herb,6,0.004484304932735426
Gap,8,6,False,True,True,Medium Non-tufted grass/sedge,0,0.004484304932735426
Gap,8,6,False,True,True,Medium Non-tufted grass/sedge,3,0.0
Gap,8,6,False,True,True,Medium Non-tufted grass/sedge,6,0.004484304932735426
Gap,8,7,False,False,False,Large Forb/Herb,0,0.07575757575757576
Gap,8,7,False,False,False,Large Forb/Herb,3,0.045454545454545456
Gap,8,7,False,False,False,Large Forb/Herb,6,0.030303030303030304
Gap,8,7,False,False,False,Medium Forb/Herb,0,0.10606060606060606
Gap,8,7,False,False,False,Medium Forb/Herb,3,0.06060606060606061
Gap,8,7,False,False,False,Medium Forb/Herb,6,0.06060606060606061
Gap,8,7,False,False,False,Medium Tufted grass/sedge,0,0.045454545454545456
Gap,8,7,False,False,False,Medium Tufted grass/sedge,3,0.045454545454545456
Gap,8,7,False,False,False,Medium Tufted grass/sedge,6,0.030303030303030304
Gap,8,7,False,False,False,Non-tufted Ground Fern,0,0.15151515151515152
Gap,8,7,False,False,False,Non-tufted Ground Fern,3,0.030303030303030304
Gap,8,7,False,False,False,Non-tufted Ground Fern,6,0.15151515151515152
Gap,8,7,False,False,False,Prostrate or Mat-forming Forb/Herb,0,0.015151515151515152
Gap,8,7,False,False,False,Prostrate or Mat-forming Forb/Herb,3,0.015151515151515152
Gap,8,7,False,False,False,Prostrate or Mat-forming Forb/Herb,6,0.030303030303030304
Gap,8,7,False,False,False,Small Non-tufted grass/sedge,0,0.015151515151515152
Gap,8,7,False,False,False,Small Non-tufted grass/sedge,3,0.0
Gap,8,7,False,False,False,Small Non-tufted grass/sedge,6,0.0
Gap,8,7,False,False,False,Small Tufted grass/sedge,0,0.045454545454545456
Gap,8,7,False,False,False,Small Tufted grass/sedge,3,0.030303030303030304
Gap,8,7,False,False,False,Small Tufted grass/sedge,6,0.015151515151515152
Gap,8,7,False,False,True,Large Forb/Herb,0,0.36363636363636365
Gap,8,7,False,False,True,Large Forb/Herb,3,0.36363636363636365
Gap,8,7,False,False,True,Large Forb/Herb,6,0.18181818181818182
Gap,8,7,False,False,True,Medium Non-tufted grass/sedge,0,0.01818181818181818
Gap,8,7,False,False,True,Medium Non-tufted grass/sedge,3,0.01818181818181818
Gap,8,7,False,False,True,Medium Non-tufted grass/sedge,6,0.00909090909090909
Gap,8,7,False,False,True,Prostrate or Mat-forming Forb/Herb,0,0.01818181818181818
Gap,8,7,False,False,True,Prostrate or Mat-forming Forb/Herb,3,0.01818181818181818
Gap,8,7,False,False,True,Prostrate or Mat-forming Forb/Herb,6,0.0
Gap,8,7,False,False,True,Small Tufted grass/sedge,0,0.0
Gap,8,7,False,False,True,Small Tufted grass/sedge,3,0.0
Gap,8,7,False,False,True,Small Tufted grass/sedge,6,0.00909090909090909
Gap,8,8,False,False,False,Large Forb/Herb,0,0.075
Gap,8,8,False,False,False,Large Forb/Herb,3,0.05
Gap,8,8,False,False,False,Large Forb/Herb,6,0.05
Gap,8,8,False,False,False,Large Shrub to Medium Tree,0,0.0
Gap,8,8,False,False,False,Large Shrub to Medium Tree,3,0.025
Gap,8,8,False,False,False,Large Shrub to Medium Tree,6,0.0
Gap,8,8,False,False,False,Large Tufted grass/sedge,0,0.25
Gap,8,8,False,False,False,Large Tufted grass/sedge,3,0.05
Gap,8,8,False,False,False,Large Tufted grass/sedge,6,0.0
Gap,8,8,False,False,False,Medium Forb/Herb,0,0.1
Gap,8,8,False,False,False,Medium Forb/Herb,3,0.05
Gap,8,8,False,False,False,Medium Forb/Herb,6,0.0
Gap,8,8,False,False,False,Medium Tufted grass/sedge,0,0.075
Gap,8,8,False,False,False,Medium Tufted grass/sedge,3,0.025
Gap,8,8,False,False,False,Medium Tufted grass/sedge,6,0.05
Gap,8,8,False,False,False,Prostrate or Mat-forming Forb/Herb,0,0.0
Gap,8,8,False,False,False,Prostrate or Mat-forming Forb/Herb,3,0.0
Gap,8,8,False,False,False,Prostrate or Mat-forming Forb/Herb,6,0.025
Gap,8,8,False,False,False,Small Non-tufted grass/sedge,0,0.025
Gap,8,8,False,False,False,Small Non-tufted grass/sedge,3,0.025
Gap,8,8,False,False,False,Small Non-tufted grass/sedge,6,0.0
Gap,8,8,False,False,False,Small Tufted grass/sedge,0,0.05
Gap,8,8,False,False,False,Small Tufted grass/sedge,3,0.05
Gap,8,8,False,False,False,Small Tufted grass/sedge,6,0.025
Gap,8,8,False,False,True,Large Forb/Herb,0,0.31496062992125984
Gap,8,8,False,False,True,Large Forb/Herb,3,0.31496062992125984
Gap,8,8,False,False,True,Large Forb/Herb,6,0.31496062992125984
Gap,8,8,False,False,True,Medium Forb/Herb,0,0.007874015748031496
Gap,8,8,False,False,True,Medium Forb/Herb,3,0.007874015748031496
Gap,8,8,False,False,True,Medium Forb/Herb,6,0.0
Gap,8,8,False,False,True,Medium Non-tufted grass/sedge,0,0.007874015748031496
Gap,8,8,False,False,True,Medium Non-tufted grass/sedge,3,0.007874015748031496
Gap,8,8,False,False,True,Medium Non-tufted grass/sedge,6,0.007874015748031496
Gap,8,8,False,False,True,Prostrate or Mat-forming Forb/Herb,0,0.015748031496062992
Gap,8,8,False,False,True,Prostrate or Mat-forming Forb/Herb,3,0.0
Gap,8,8,False,False,True,Prostrate or Mat-forming Forb/Herb,6,0.0
Gap,8,9,False,True,False,Large Forb/Herb,0,0.034782608695652174
Gap,8,9,False,True,False,Large Forb/Herb,3,0.043478260869565216
Gap,8,9,False,True,False,Large Forb/Herb,6,0.0
Gap,8,9,False,True,False,Medium Forb/Herb,0,0.08695652173913043
Gap,8,9,False,True,False,Medium Forb/Herb,3,0.0782608695652174
Gap,8,9,False,True,False,Medium Forb/Herb,6,0.0
Gap,8,9,False,True,False,Medium Tufted grass/sedge,0,0.0
Gap,8,9,False,True,False,Medium Tufted grass/sedge,3,0.0
Gap,8,9,False,True,False,Medium Tufted grass/sedge,6,0.008695652173913044
Gap,8,9,False,True,False,Prostrate or Mat-forming Forb/Herb,0,0.017391304347826087
Gap,8,9,False,True,False,Prostrate or Mat-forming Forb/Herb,3,0.017391304347826087
Gap,8,9,False,True,False,Prostrate or Mat-forming Forb/Herb,6,0.0
Gap,8,9,False,True,False,Small Non-tufted grass/sedge,0,0.0
Gap,8,9,False,True,False,Small Non-tufted grass/sedge,3,0.008695652173913044
Gap,8,9,False,True,False,Small Non-tufted grass/sedge,6,0.0
Gap,8,9,False,True,False,Small Tufted grass/sedge,0,0.3565217391304348
Gap,8,9,False,True,False,Small Tufted grass/sedge,3,0.34782608695652173
Gap,8,9,False,True,False,Small Tufted grass/sedge,6,0.0
Gap,8,9,False,True,True,Large Forb/Herb,0,0.34782608695652173
Gap,8,9,False,True,True,Large Forb/Herb,3,0.17391304347826086
Gap,8,9,False,True,True,Large Forb/Herb,6,0.34782608695652173
Gap,8,9,False,True,True,Medium Forb/Herb,0,0.008695652173913044
Gap,8,9,False,True,True,Medium Forb/Herb,3,0.017391304347826087
Gap,8,9,False,True,True,Medium Forb/Herb,6,0.0
Gap,8,9,False,True,True,Medium Non-tufted grass/sedge,0,0.017391304347826087
Gap,8,9,False,True,True,Medium Non-tufted grass/sedge,3,0.017391304347826087
Gap,8,9,False,True,True,Medium Non-tufted grass/sedge,6,0.0
Gap,8,9,False,True,True,Prostrate or Mat-forming Forb/Herb,0,0.017391304347826087
Gap,8,9,False,True,True,Prostrate or Mat-forming Forb/Herb,3,0.017391304347826087
Gap,8,9,False,True,True,Prostrate or Mat-forming Forb/Herb,6,0.008695652173913044
Gap,8,9,False,True,True,Small Tufted grass/sedge,0,0.0
Gap,8,9,False,True,True,Small Tufted grass/sedge,3,0.008695652173913044
Gap,8,9,False,True,True,Small Tufted grass/sedge,6,0.017391304347826087
Gap,8,10,False,True,False,Large Forb/Herb,0,0.07017543859649122
Gap,8,10,False,True,False,Large Forb/Herb,3,0.07017543859649122
Gap,8,10,False,True,False,Large Forb/Herb,6,0.03508771929824561
Gap,8,10,False,True,False,Large Tufted grass/sedge,0,0.03508771929824561
Gap,8,10,False,True,False,Large Tufted grass/sedge,3,0.17543859649122806
Gap,8,10,False,True,False,Large Tufted grass/sedge,6,0.0
Gap,8,10,False,True,False,Medium Forb/Herb,0,0.08771929824561403
Gap,8,10,False,True,False,Medium Forb/Herb,3,0.08771929824561403
Gap,8,10,False,True,False,Medium Forb/Herb,6,0.03508771929824561
Gap,8,10,False,True,False,Prostrate or Mat-forming Forb/Herb,0,0.03508771929824561
Gap,8,10,False,True,False,Prostrate or Mat-forming Forb/Herb,3,0.0
Gap,8,10,False,True,False,Prostrate or Mat-forming Forb/Herb,6,0.017543859649122806
Gap,8,10,False,True,False,Small Tufted grass/sedge,0,0.17543859649122806
Gap,8,10,False,True,False,Small Tufted grass/sedge,3,0.17543859649122806
Gap,8,10,False,True,False,Small Tufted grass/sedge,6,0.0
Gap,8,10,False,True,True,Large Forb/Herb,0,0.05235602094240838
Gap,8,10,False,True,True,Large Forb/Herb,3,0.05235602094240838
Gap,8,10,False,True,True,Large Forb/Herb,6,0.10471204188481675
Gap,8,10,False,True,True,Medium Forb/Herb,0,0.005235602094240838
Gap,8,10,False,True,True,Medium Forb/Herb,3,0.010471204188481676
Gap,8,10,False,True,True,Medium Forb/Herb,6,0.005235602094240838
Gap,8,10,False,True,True,Medium Non-tufted grass/sedge,0,0.2094240837696335
Gap,8,10,False,True,True,Medium Non-tufted grass/sedge,3,0.10471204188481675
Gap,8,10,False,True,True,Medium Non-tufted grass/sedge,6,0.010471204188481676
Gap,8,10,False,True,True,Prostrate or Mat-forming Forb/Herb,0,0.418848167539267
Gap,8,10,False,True,True,Prostrate or Mat-forming Forb/Herb,3,0.010471204188481676
Gap,8,10,False,True,True,Prostrate or Mat-forming Forb/Herb,6,0.0
Gap,8,10,False,True,True,Small Tufted grass/sedge,0,0.005235602094240838
Gap,8,10,False,True,True,Small Tufted grass/sedge,3,0.0
Gap,8,10,False,True,True,Small Tufted grass/sedge,6,0.010471204188481676
Gap,8,11,False,True,False,Large Forb/Herb,0,0.05405405405405406
Gap,8,11,False,True,False,Large Forb/Herb,3,0.013513513513513514
Gap,8,11,False,True,False,Large Forb/Herb,6,0.013513513513513514
Gap,8,11,False,True,False,Large Tufted grass/sedge,0,0.0
Gap,8,11,False,True,False,Large Tufted grass/sedge,3,0.013513513513513514
Gap,8,11,False,True,False,Large Tufted grass/sedge,6,0.013513513513513514
Gap,8,11,False,True,False,Medium Forb/Herb,0,0.08108108108108109
Gap,8,11,False,True,False,Medium Forb/Herb,3,0.10810810810810811
Gap,8,11,False,True,False,Medium Forb/Herb,6,0.06756756756756757
Gap,8,11,False,True,False,Medium Tufted grass/sedge,0,0.0
Gap,8,11,False,True,False,Medium Tufted grass/sedge,3,0.0
Gap,8,11,False,True,False,Medium Tufted grass/sedge,6,0.013513513513513514
Gap,8,11,False,True,False,Prostrate or Mat-forming Forb/Herb,0,0.02702702702702703
Gap,8,11,False,True,False,Prostrate or Mat-forming Forb/Herb,3,0.013513513513513514
Gap,8,11,False,True,False,Prostrate or Mat-forming Forb/Herb,6,0.0
Gap,8,11,False,True,False,Small Tufted grass/sedge,0,0.5540540540540541
Gap,8,11,False,True,False,Small Tufted grass/sedge,3,0.02702702702702703
Gap,8,11,False,True,False,Small Tufted grass/sedge,6,0.0
Gap,8,11,False,True,True,Large Forb/Herb,0,0.1729106628242075
Gap,8,11,False,True,True,Large Forb/Herb,3,0.23054755043227665
Gap,8,11,False,True,True,Large Forb/Herb,6,0.2881844380403458
Gap,8,11,False,True,True,Medium Forb/Herb,0,0.005763688760806916
Gap,8,11,False,True,True,Medium Forb/Herb,3,0.002881844380403458
Gap,8,11,False,True,True,Medium Forb/Herb,6,0.002881844380403458
Gap,8,11,False,True,True,Medium Non-tufted grass/sedge,0,0.11527377521613832
Gap,8,11,False,True,True,Medium Non-tufted grass/sedge,3,0.1729106628242075
Gap,8,11,False,True,True,Medium Non-tufted grass/sedge,6,0.005763688760806916
Gap,8,11,False,True,True,Prostrate or Mat-forming Forb/Herb,0,0.0
Gap,8,11,False,True,True,Prostrate or Mat-forming Forb/Herb,3,0.002881844380403458
Gap,8,11,False,True,True,Prostrate or Mat-forming Forb/Herb,6,0.0
Gap,8,12,False,False,False,Large Forb/Herb,0,0.21052631578947367
Gap,8,12,False,False,False,Large Forb/Herb,3,0.03508771929824561
Gap,8,12,False,False,False,Large Forb/Herb,6,0.03508771929824561
Gap,8,12,False,False,False,Large Tufted grass/sedge,0,0.0
Gap,8,12,False,False,False,Large Tufted grass/sedge,3,0.017543859649122806
Gap,8,12,False,False,False,Large Tufted grass/sedge,6,0.017543859649122806
Gap,8,12,False,False,False,Medium Forb/Herb,0,0.08771929824561403
Gap,8,12,False,False,False,Medium Forb/Herb,3,0.08771929824561403
Gap,8,12,False,False,False,Medium Forb/Herb,6,0.15789473684210525
Gap,8,12,False,False,False,Medium Tufted grass/sedge,0,0.03508771929824561
Gap,8,12,False,False,False,Medium Tufted grass/sedge,3,0.03508771929824561
Gap,8,12,False,False,False,Medium Tufted grass/sedge,6,0.017543859649122806
Gap,8,12,False,False,False,Prostrate or Mat-forming Forb/Herb,0,0.017543859649122806
Gap,8,12,False,False,False,Prostrate or Mat-forming Forb/Herb,3,0.0
Gap,8,12,False,False,False,Prostrate or Mat-forming Forb/Herb,6,0.05263157894736842
Gap,8,12,False,False,False,Small Non-tufted grass/sedge,0,0.017543859649122806
Gap,8,12,False,False,False,Small Non-tufted grass/sedge,3,0.017543859649122806
Gap,8,12,False,False,False,Small Non-tufted grass/sedge,6,0.0
Gap,8,12,False,False,False,Small Tufted grass/sedge,0,0.05263157894736842
Gap,8,12,False,False,False,Small Tufted grass/sedge,3,0.05263157894736842
Gap,8,12,False,False,False,Small Tufted grass/sedge,6,0.05263157894736842
Gap,8,12,False,False,True,Large Forb/Herb,0,0.27522935779816515
Gap,8,12,False,False,True,Large Forb/Herb,3,0.1834862385321101
Gap,8,12,False,False,True,Large Forb/Herb,6,0.3669724770642202
Gap,8,12,False,False,True,Medium Forb/Herb,0,0.0045871559633027525
Gap,8,12,False,False,True,Medium Forb/Herb,3,0.009174311926605505
Gap,8,12,False,False,True,Medium Forb/Herb,6,0.01834862385321101
Gap,8,12,False,False,True,Medium Non-tufted grass/sedge,0,0.009174311926605505
Gap,8,12,False,False,True,Medium Non-tufted grass/sedge,3,0.009174311926605505
Gap,8,12,False,False,True,Medium Non-tufted grass/sedge,6,0.009174311926605505
Gap,8,12,False,False,True,Prostrate or Mat-forming Forb/Herb,0,0.09174311926605505
Gap,8,12,False,False,True,Prostrate or Mat-forming Forb/Herb,3,0.009174311926605505
Gap,8,12,False,False,True,Prostrate or Mat-forming Forb/Herb,6,0.0045871559633027525
Gap,8,12,False,False,True,Small Tufted grass/sedge,0,0.0
Gap,8,12,False,False,True,Small Tufted grass/sedge,3,0.0
Gap,8,12,False,False,True,Small Tufted grass/sedge,6,0.009174311926605505
Gap,8,13,False,False,False,Large Forb/Herb,0,0.08108108108108109
Gap,8,13,False,False,False,Large Forb/Herb,3,0.1891891891891892
Gap,8,13,False,False,False,Large Forb/Herb,6,0.05405405405405406
Gap,8,13,False,False,False,Medium Forb/Herb,0,0.02702702702702703
Gap,8,13,False,False,False,Medium Forb/Herb,3,0.21621621621621623
Gap,8,13,False,False,False,Medium Forb/Herb,6,0.08108108108108109
Gap,8,13,False,False,False,Medium Tufted grass/sedge,0,0.0
Gap,8,13,False,False,False,Medium Tufted grass/sedge,3,0.05405405405405406
Gap,8,13,False,False,False,Medium Tufted grass/sedge,6,0.0
Gap,8,13,False,False,False,Prostrate or Mat-forming Forb/Herb,0,0.0
Gap,8,13,False,False,False,Prostrate or Mat-forming Forb/Herb,3,0.02702702702702703
Gap,8,13,False,False,False,Prostrate or Mat-forming Forb/Herb,6,0.02702702702702703
Gap,8,13,False,False,False,Small Non-tufted grass/sedge,0,0.02702702702702703
Gap,8,13,False,False,False,Small Non-tufted grass/sedge,3,0.05405405405405406
Gap,8,13,False,False,False,Small Non-tufted grass/sedge,6,0.02702702702702703
Gap,8,13,False,False,False,Small Tufted grass/sedge,0,0.02702702702702703
Gap,8,13,False,False,False,Small Tufted grass/sedge,3,0.05405405405405406
Gap,8,13,False,False,False,Small Tufted grass/sedge,6,0.05405405405405406
Gap,8,13,False,False,True,Large Forb/Herb,0,0.06451612903225806
Gap,8,13,False,False,True,Large Forb/Herb,3,0.3870967741935484
Gap,8,13,False,False,True,Large Forb/Herb,6,0.5161290322580645
Gap,8,13,False,False,True,Medium Forb/Herb,0,0.0032258064516129032
Gap,8,13,False,False,True,Medium Forb/Herb,3,0.0032258064516129032
Gap,8,13,False,False,True,Medium Forb/Herb,6,0.0032258064516129032
Gap,8,13,False,False,True,Medium Non-tufted grass/sedge,0,0.0064516129032258064
Gap,8,13,False,False,True,Medium Non-tufted grass/sedge,3,0.0064516129032258064
Gap,8,13,False,False,True,Medium Non-tufted grass/sedge,6,0.0064516129032258064
Gap,8,13,False,False,True,Prostrate or Mat-forming Forb/Herb,0,0.0
Gap,8,13,False,False,True,Prostrate or Mat-forming Forb/Herb,3,0.0
Gap,8,13,False,False,True,Prostrate or Mat-forming Forb/Herb,6,0.0032258064516129032
Gap,8,14,False,True,False,Large Forb/Herb,0,0.046153846153846156
Gap,8,14,False,True,False,Large Forb/Herb,3,0.046153846153846156
Gap,8,14,False,True,False,Large Forb/Herb,6,0.15384615384615385
Gap,8,14,False,True,False,Large Tufted grass/sedge,0,0.3076923076923077
Gap,8,14,False,True,False,Large Tufted grass/sedge,3,0.0
Gap,8,14,False,True,False,Large Tufted grass/sedge,6,0.015384615384615385
Gap,8,14,False,True,False,Medium Forb/Herb,0,0.07692307692307693
Gap,8,14,False,True,False,Medium Forb/Herb,3,0.06153846153846154
Gap,8,14,False,True,False,Medium Forb/Herb,6,0.046153846153846156
Gap,8,14,False,True,False,Medium Tufted grass/sedge,0,0.015384615384615385
Gap,8,14,False,True,False,Medium Tufted grass/sedge,3,0.015384615384615385
Gap,8,14,False,True,False,Medium Tufted grass/sedge,6,0.0
Gap,8,14,False,True,False,Prostrate or Mat-forming Forb/Herb,0,0.03076923076923077
Gap,8,14,False,True,False,Prostrate or Mat-forming Forb/Herb,3,0.0
Gap,8,14,False,True,False,Prostrate or Mat-forming Forb/Herb,6,0.06153846153846154
Gap,8,14,False,True,False,Small Non-tufted grass/sedge,0,0.03076923076923077
Gap,8,14,False,True,False,Small Non-tufted grass/sedge,3,0.0
Gap,8,14,False,True,False,Small Non-tufted grass/sedge,6,0.0
Gap,8,14,False,True,False,Small Tufted grass/sedge,0,0.09230769230769231
Gap,8,14,False,True,False,Small Tufted grass/sedge,3,0.0
Gap,8,14,False,True,False,Small Tufted grass/sedge,6,0.0
Gap,8,14,False,True,True,Climber,0,0.0030120481927710845
Gap,8,14,False,True,True,Climber,3,0.0
Gap,8,14,False,True,True,Climber,6,0.0
Gap,8,14,False,True,True,Large Forb/Herb,0,0.30120481927710846
Gap,8,14,False,True,True,Large Forb/Herb,3,0.18072289156626506
Gap,8,14,False,True,True,Large Forb/Herb,6,0.30120481927710846
Gap,8,14,False,True,True,Medium Forb/Herb,0,0.012048192771084338
Gap,8,14,False,True,True,Medium Forb/Herb,3,0.015060240963855422
Gap,8,14,False,True,True,Medium Forb/Herb,6,0.06626506024096386
Gap,8,14,False,True,True,Medium Non-tufted grass/sedge,0,0.060240963855421686
Gap,8,14,False,True,True,Medium Non-tufted grass/sedge,3,0.006024096385542169
Gap,8,14,False,True,True,Medium Non-tufted grass/sedge,6,0.030120481927710843
Gap,8,14,False,True,True,Prostrate or Mat-forming Forb/Herb,0,0.009036144578313253
Gap,8,14,False,True,True,Prostrate or Mat-forming Forb/Herb,3,0.0030120481927710845
Gap,8,14,False,True,True,Prostrate or Mat-forming Forb/Herb,6,0.0030120481927710845
Gap,8,14,False,True,True,Small Tufted grass/sedge,0,0.0030120481927710845
Gap,8,14,False,True,True,Small Tufted grass/sedge,3,0.0030120481927710845
Gap,8,14,False,True,True,Small Tufted grass/sedge,6,0.0030120481927710845
Gap,8,15,False,True,False,Large Forb/Herb,0,0.06060606060606061
Gap,8,15,False,True,False,Large Forb/Herb,3,0.07575757575757576
Gap,8,15,False,True,False,Large Forb/Herb,6,0.030303030303030304
Gap,8,15,False,True,False,Medium Forb/Herb,0,0.09090909090909091
Gap,8,15,False,True,False,Medium Forb/Herb,3,0.13636363636363635
Gap,8,15,False,True,False,Medium Forb/Herb,6,0.09090909090909091
Gap,8,15,False,True,False,Medium Tufted grass/sedge,0,0.15151515151515152
Gap,8,15,False,True,False,Medium Tufted grass/sedge,3,0.15151515151515152
Gap,8,15,False,True,False,Medium Tufted grass/sedge,6,0.015151515151515152
Gap,8,15,False,True,False,Prostrate or Mat-forming Forb/Herb,0,0.015151515151515152
Gap,8,15,False,True,False,Prostrate or Mat-forming Forb/Herb,3,0.045454545454545456
Gap,8,15,False,True,False,Prostrate or Mat-forming Forb/Herb,6,0.030303030303030304
Gap,8,15,False,True,False,Small Non-tufted grass/sedge,0,0.015151515151515152
Gap,8,15,False,True,False,Small Non-tufted grass/sedge,3,0.015151515151515152
Gap,8,15,False,True,False,Small Non-tufted grass/sedge,6,0.015151515151515152
Gap,8,15,False,True,False,Small Tufted grass/sedge,0,0.015151515151515152
Gap,8,15,False,True,False,Small Tufted grass/sedge,3,0.015151515151515152
Gap,8,15,False,True,False,Small Tufted grass/sedge,6,0.015151515151515152
Gap,8,15,False,True,False,Tiny Tufted grass/sedge,0,0.0
Gap,8,15,False,True,False,Tiny Tufted grass/sedge,3,0.0
Gap,8,15,False,True,False,Tiny Tufted grass/sedge,6,0.015151515151515152
Gap,8,15,False,True,True,Large Forb/Herb,0,0.39473684210526316
Gap,8,15,False,True,True,Large Forb/Herb,3,0.13157894736842105
Gap,8,15,False,True,True,Large Forb/Herb,6,0.39473684210526316
Gap,8,15,False,True,True,Medium Forb/Herb,0,0.0
Gap,8,15,False,True,True,Medium Forb/Herb,3,0.006578947368421052
Gap,8,15,False,True,True,Medium Forb/Herb,6,0.006578947368421052
Gap,8,15,False,True,True,Medium Non-tufted grass/sedge,0,0.013157894736842105
Gap,8,15,False,True,True,Medium Non-tufted grass/sedge,3,0.013157894736842105
Gap,8,15,False,True,True,Medium Non-tufted grass/sedge,6,0.0
Gap,8,15,False,True,True,Prostrate or Mat-forming Forb/Herb,0,0.013157894736842105
Gap,8,15,False,True,True,Prostrate or Mat-forming Forb/Herb,3,0.0
Gap,8,15,False,True,True,Prostrate or Mat-forming Forb/Herb,6,0.006578947368421052
Gap,8,15,False,True,True,Small Tufted grass/sedge,0,0.0
Gap,8,15,False,True,True,Small Tufted grass/sedge,3,0.013157894736842105
Gap,8,15,False,True,True,Small Tufted grass/sedge,6,0.006578947368421052
Gap,8,16,False,False,False,Large Forb/Herb,0,0.05128205128205128
Gap,8,16,False,False,False,Large Forb/Herb,3,0.07692307692307693
Gap,8,16,False,False,False,Large Forb/Herb,6,0.05128205128205128
Gap,8,16,False,False,False,Large Tufted grass/sedge,0,0.02564102564102564
Gap,8,16,False,False,False,Large Tufted grass/sedge,3,0.0
Gap,8,16,False,False,False,Large Tufted grass/sedge,6,0.0
Gap,8,16,False,False,False,Medium Forb/Herb,0,0.10256410256410256
Gap,8,16,False,False,False,Medium Forb/Herb,3,0.15384615384615385
Gap,8,16,False,False,False,Medium Forb/Herb,6,0.05128205128205128
Gap,8,16,False,False,False,Medium Tufted grass/sedge,0,0.07692307692307693
Gap,8,16,False,False,False,Medium Tufted grass/sedge,3,0.10256410256410256
Gap,8,16,False,False,False,Medium Tufted grass/sedge,6,0.0
Gap,8,16,False,False,False,Prostrate or Mat-forming Forb/Herb,0,0.02564102564102564
Gap,8,16,False,False,False,Prostrate or Mat-forming Forb/Herb,3,0.02564102564102564
Gap,8,16,False,False,False,Prostrate or Mat-forming Forb/Herb,6,0.05128205128205128
Gap,8,16,False,False,False,Small Non-tufted grass/sedge,0,0.02564102564102564
Gap,8,16,False,False,False,Small Non-tufted grass/sedge,3,0.02564102564102564
Gap,8,16,False,False,False,Small Non-tufted grass/sedge,6,0.02564102564102564
Gap,8,16,False,False,False,Small Tufted grass/sedge,0,0.05128205128205128
Gap,8,16,False,False,False,Small Tufted grass/sedge,3,0.05128205128205128
Gap,8,16,False,False,False,Small Tufted grass/sedge,6,0.02564102564102564
Gap,8,16,False,False,True,Large Forb/Herb,0,0.4784688995215311
Gap,8,16,False,False,True,Large Forb/Herb,3,0.28708133971291866
Gap,8,16,False,False,True,Large Forb/Herb,6,0.19138755980861244
Gap,8,16,False,False,True,Medium Forb/Herb,0,0.004784688995215311
Gap,8,16,False,False,True,Medium Forb/Herb,3,0.009569377990430622
Gap,8,16,False,False,True,Medium Forb/Herb,6,0.004784688995215311
Gap,8,16,False,False,True,Medium Non-tufted grass/sedge,0,0.009569377990430622
Gap,8,16,False,False,True,Medium Non-tufted grass/sedge,3,0.004784688995215311
Gap,8,16,False,False,True,Medium Non-tufted grass/sedge,6,0.004784688995215311
Gap,8,16,False,False,True,Prostrate or Mat-forming Forb/Herb,0,0.004784688995215311
Gap,8,16,False,False,True,Prostrate or Mat-forming Forb/Herb,3,0.0
Gap,8,16,False,False,True,Prostrate or Mat-forming Forb/Herb,6,0.0
Gap,10,1,False,False,False,Large Forb/Herb,0,0.0
Gap,10,1,False,False,False,Large Forb/Herb,3,0.024691358024691357
Gap,10,1,False,False,False,Large Forb/Herb,6,0.012345679012345678
Gap,10,1,False,False,False,Large Tufted grass/sedge,0,0.024691358024691357
Gap,10,1,False,False,False,Large Tufted grass/sedge,3,0.012345679012345678
Gap,10,1,False,False,False,Large Tufted grass/sedge,6,0.0
Gap,10,1,False,False,False,Medium Forb/Herb,0,0.04938271604938271
Gap,10,1,False,False,False,Medium Forb/Herb,3,0.1111111111111111
Gap,10,1,False,False,False,Medium Forb/Herb,6,0.06172839506172839
Gap,10,1,False,False,False,Medium Tufted grass/sedge,0,0.0
Gap,10,1,False,False,False,Medium Tufted grass/sedge,3,0.0
Gap,10,1,False,False,False,Medium Tufted grass/sedge,6,0.012345679012345678
Gap,10,1,False,False,False,Prostrate or Mat-forming Forb/Herb,0,0.024691358024691357
Gap,10,1,False,False,False,Prostrate or Mat-forming Forb/Herb,3,0.024691358024691357
Gap,10,1,False,False,False,Prostrate or Mat-forming Forb/Herb,6,0.012345679012345678
Gap,10,1,False,False,False,Small Tufted grass/sedge,0,0.49382716049382713
Gap,10,1,False,False,False,Small Tufted grass/sedge,3,0.12345679012345678
Gap,10,1,False,False,False,Small Tufted grass/sedge,6,0.012345679012345678
Gap,10,1,False,False,True,Medium Forb/Herb,0,0.027777777777777776
Gap,10,1,False,False,True,Medium Forb/Herb,3,0.05555555555555555
Gap,10,1,False,False,True,Medium Forb/Herb,6,0.08333333333333333
Gap,10,1,False,False,True,Medium Non-tufted grass/sedge,0,0.2777777777777778
Gap,10,1,False,False,True,Medium Non-tufted grass/sedge,3,0.05555555555555555
Gap,10,1,False,False,True,Medium Non-tufted grass/sedge,6,0.2777777777777778
Gap,10,1,False,False,True,Prostrate or Mat-forming Forb/Herb,0,0.05555555555555555
Gap,10,1,False,False,True,Prostrate or Mat-forming Forb/Herb,3,0.05555555555555555
Gap,10,1,False,False,True,Prostrate or Mat-forming Forb/Herb,6,0.0
Gap,10,1,False,False,True,Small Tufted grass/sedge,0,0.0
Gap,10,1,False,False,True,Small Tufted grass/sedge,3,0.0
Gap,10,1,False,False,True,Small Tufted grass/sedge,6,0.05555555555555555
Gap,10,1,False,False,True,Tufted Ground Fern,0,0.0
Gap,10,1,False,False,True,Tufted Ground Fern,3,0.027777777777777776
Gap,10,1,False,False,True,Tufted Ground Fern,6,0.027777777777777776
Gap,10,2,True,True,False,Large Forb/Herb,0,0.025
Gap,10,2,True,True,False,Large Forb/Herb,3,0.03333333333333333
Gap,10,2,True,True,False,Large Forb/Herb,6,0.008333333333333333
Gap,10,2,True,True,False,Medium Forb/Herb,0,0.041666666666666664
Gap,10,2,True,True,False,Medium Forb/Herb,3,0.008333333333333333
Gap,10,2,True,True,False,Medium Forb/Herb,6,0.16666666666666666
Gap,10,2,True,True,False,Prostrate or Mat-forming Forb/Herb,0,0.016666666666666666
Gap,10,2,True,True,False,Prostrate or Mat-forming Forb/Herb,3,0.008333333333333333
Gap,10,2,True,True,False,Prostrate or Mat-forming Forb/Herb,6,0.0
Gap,10,2,True,True,False,Small Non-tufted grass/sedge,0,0.008333333333333333
Gap,10,2,True,True,False,Small Non-tufted grass/sedge,3,0.0
Gap,10,2,True,True,False,Small Non-tufted grass/sedge,6,0.0
Gap,10,2,True,True,False,Small Tufted grass/sedge,0,0.6666666666666666
Gap,10,2,True,True,False,Small Tufted grass/sedge,3,0.016666666666666666
Gap,10,2,True,True,False,Small Tufted grass/sedge,6,0.0
Gap,10,2,True,True,True,Large Forb/Herb,0,0.010050251256281407
Gap,10,2,True,True,True,Large Forb/Herb,3,0.0
Gap,10,2,True,True,True,Large Forb/Herb,6,0.010050251256281407
Gap,10,2,True,True,True,Medium Forb/Herb,0,0.010050251256281407
Gap,10,2,True,True,True,Medium Forb/Herb,3,0.06030150753768844
Gap,10,2,True,True,True,Medium Forb/Herb,6,0.005025125628140704
Gap,10,2,True,True,True,Medium Non-tufted grass/sedge,0,0.05025125628140704
Gap,10,2,True,True,True,Medium Non-tufted grass/sedge,3,0.5025125628140703
Gap,10,2,True,True,True,Medium Non-tufted grass/sedge,6,0.10050251256281408
Gap,10,2,True,True,True,Prostrate or Mat-forming Forb/Herb,0,0.05025125628140704
Gap,10,2,True,True,True,Prostrate or Mat-forming Forb/Herb,3,0.20100502512562815
Gap,10,2,True,True,True,Prostrate or Mat-forming Forb/Herb,6,0.0
Gap,10,3,False,True,False,Large Forb/Herb,0,0.0
Gap,10,3,False,True,False,Large Forb/Herb,3,0.04716981132075472
Gap,10,3,False,True,False,Large Forb/Herb,6,0.018867924528301886
Gap,10,3,False,True,False,Large Tufted grass/sedge,0,0.5660377358490566
Gap,10,3,False,True,False,Large Tufted grass/sedge,3,0.18867924528301888
Gap,10,3,False,True,False,Large Tufted grass/sedge,6,0.0
Gap,10,3,False,True,False,Medium Forb/Herb,0,0.018867924528301886
Gap,10,3,False,True,False,Medium Forb/Herb,3,0.0660377358490566
Gap,10,3,False,True,False,Medium Forb/Herb,6,0.02830188679245283
Gap,10,3,False,True,False,Medium Tufted grass/sedge,0,0.0
Gap,10,3,False,True,False,Medium Tufted grass/sedge,3,0.0
Gap,10,3,False,True,False,Medium Tufted grass/sedge,6,0.018867924528301886
Gap,10,3,False,True,False,Prostrate or Mat-forming Forb/Herb,0,0.0
Gap,10,3,False,True,False,Prostrate or Mat-forming Forb/Herb,3,0.0
Gap,10,3,False,True,False,Prostrate or Mat-forming Forb/Herb,6,0.009433962264150943
Gap,10,3,False,True,False,Small Tufted grass/sedge,0,0.018867924528301886
Gap,10,3,False,True,False,Small Tufted grass/sedge,3,0.018867924528301886
Gap,10,3,False,True,False,Small Tufted grass/sedge,6,0.0
Gap,10,3,False,True,True,Large Forb/Herb,0,0.28368794326241137
Gap,10,3,False,True,True,Large Forb/Herb,3,0.14184397163120568
Gap,10,3,False,True,True,Large Forb/Herb,6,0.425531914893617
Gap,10,3,False,True,True,Medium Forb/Herb,0,0.0070921985815602835
Gap,10,3,False,True,True,Medium Forb/Herb,3,0.0070921985815602835
Gap,10,3,False,True,True,Medium Forb/Herb,6,0.02127659574468085
Gap,10,3,False,True,True,Medium Non-tufted grass/sedge,0,0.0070921985815602835
Gap,10,3,False,True,True,Medium Non-tufted grass/sedge,3,0.0
Gap,10,3,False,True,True,Medium Non-tufted grass/sedge,6,0.0070921985815602835
Gap,10,3,False,True,True,Prostrate or Mat-forming Forb/Herb,0,0.0
Gap,10,3,False,True,True,Prostrate or Mat-forming Forb/Herb,3,0.07092198581560284
Gap,10,3,False,True,True,Prostrate or Mat-forming Forb/Herb,6,0.0
Gap,10,3,False,True,True,Tufted Ground Fern,0,0.0070921985815602835
Gap,10,3,False,True,True,Tufted Ground Fern,3,0.014184397163120567
Gap,10,3,False,True,True,Tufted Ground Fern,6,0.0070921985815602835
Gap,10,4,True,False,False,Large Forb/Herb,0,0.016
Gap,10,4,True,False,False,Large Forb/Herb,3,0.024
Gap,10,4,True,False,False,Large Forb/Herb,6,0.0
Gap,10,4,True,False,False,Large Tufted grass/sedge,0,0.008
Gap,10,4,True,False,False,Large Tufted grass/sedge,3,0.016
Gap,10,4,True,False,False,Large Tufted grass/sedge,6,0.0
Gap,10,4,True,False,False,Medium Forb/Herb,0,0.032
Gap,10,4,True,False,False,Medium Forb/Herb,3,0.064
Gap,10,4,True,False,False,Medium Forb/Herb,6,0.016
Gap,10,4,True,False,False,Medium Tufted grass/sedge,0,0.0
Gap,10,4,True,False,False,Medium Tufted grass/sedge,3,0.008
Gap,10,4,True,False,False,Medium Tufted grass/sedge,6,0.16
Gap,10,4,True,False,False,Prostrate or Mat-forming Forb/Herb,0,0.0
Gap,10,4,True,False,False,Prostrate or Mat-forming Forb/Herb,3,0.0
Gap,10,4,True,False,False,Prostrate or Mat-forming Forb/Herb,6,0.008
Gap,10,4,True,False,False,Small Non-tufted grass/sedge,0,0.008
Gap,10,4,True,False,False,Small Non-tufted grass/sedge,3,0.0
Gap,10,4,True,False,False,Small Non-tufted grass/sedge,6,0.0
Gap,10,4,True,False,False,Small Tufted grass/sedge,0,0.48
Gap,10,4,True,False,False,Small Tufted grass/sedge,3,0.08
Gap,10,4,True,False,False,Small Tufted grass/sedge,6,0.08
Gap,10,4,True,False,True,Large Forb/Herb,0,0.0
Gap,10,4,True,False,True,Large Forb/Herb,3,0.0125
Gap,10,4,True,False,True,Large Forb/Herb,6,0.0
Gap,10,4,True,False,True,Large Shrub to Medium Tree,0,0.0
Gap,10,4,True,False,True,Large Shrub to Medium Tree,3,0.0125
Gap,10,4,True,False,True,Large Shrub to Medium Tree,6,0.0125
Gap,10,4,True,False,True,Medium Forb/Herb,0,0.0
Gap,10,4,True,False,True,Medium Forb/Herb,3,0.0125
Gap,10,4,True,False,True,Medium Forb/Herb,6,0.025
Gap,10,4,True,False,True,Medium Non-tufted grass/sedge,0,0.25
Gap,10,4,True,False,True,Medium Non-tufted grass/sedge,3,0.0
Gap,10,4,True,False,True,Medium Non-tufted grass/sedge,6,0.125
Gap,10,4,True,False,True,Prostrate or Mat-forming Forb/Herb,0,0.5
Gap,10,4,True,False,True,Prostrate or Mat-forming Forb/Herb,3,0.025
Gap,10,4,True,False,True,Prostrate or Mat-forming Forb/Herb,6,0.0
Gap,10,4,True,False,True,Tufted Ground Fern,0,0.0125
Gap,10,4,True,False,True,Tufted Ground Fern,3,0.0125
Gap,10,4,True,False,True,Tufted Ground Fern,6,0.0
Gap,10,5,False,False,False,Large Forb/Herb,0,0.022727272727272728
Gap,10,5,False,False,False,Large Forb/Herb,3,0.045454545454545456
Gap,10,5,False,False,False,Large Forb/Herb,6,0.022727272727272728
Gap,10,5,False,False,False,Medium Forb/Herb,0,0.045454545454545456
Gap,10,5,False,False,False,Medium Forb/Herb,3,0.11363636363636363
Gap,10,5,False,False,False,Medium Forb/Herb,6,0.06818181818181818
Gap,10,5,False,False,False,Medium Non-tufted grass/sedge,0,0.0
Gap,10,5,False,False,False,Medium Non-tufted grass/sedge,3,0.022727272727272728
Gap,10,5,False,False,False,Medium Non-tufted grass/sedge,6,0.022727272727272728
Gap,10,5,False,False,False,Prostrate or Mat-forming Forb/Herb,0,0.045454545454545456
Gap,10,5,False,False,False,Prostrate or Mat-forming Forb/Herb,3,0.022727272727272728
Gap,10,5,False,False,False,Prostrate or Mat-forming Forb/Herb,6,0.022727272727272728
Gap,10,5,False,False,False,Small Non-tufted grass/sedge,0,0.022727272727272728
Gap,10,5,False,False,False,Small Non-tufted grass/sedge,3,0.022727272727272728
Gap,10,5,False,False,False,Small Non-tufted grass/sedge,6,0.0
Gap,10,5,False,False,False,Small Tufted grass/sedge,0,0.045454545454545456
Gap,10,5,False,False,False,Small Tufted grass/sedge,3,0.45454545454545453
Gap,10,5,False,False,False,Small Tufted grass/sedge,6,0.0
Gap,10,5,False,False,True,Large Forb/Herb,0,0.07142857142857142
Gap,10,5,False,False,True,Large Forb/Herb,3,0.07142857142857142
Gap,10,5,False,False,True,Large Forb/Herb,6,0.14285714285714285
Gap,10,5,False,False,True,Medium Forb/Herb,0,0.07142857142857142
Gap,10,5,False,False,True,Medium Forb/Herb,3,0.14285714285714285
Gap,10,5,False,False,True,Medium Forb/Herb,6,0.14285714285714285
Gap,10,5,False,False,True,Medium Non-tufted grass/sedge,0,0.07142857142857142
Gap,10,5,False,False,True,Medium Non-tufted grass/sedge,3,0.0
Gap,10,5,False,False,True,Medium Non-tufted grass/sedge,6,0.0
Gap,10,5,False,False,True,Prostrate or Mat-forming Forb/Herb,0,0.07142857142857142
Gap,10,5,False,False,True,Prostrate or Mat-forming Forb/Herb,3,0.14285714285714285
Gap,10,5,False,False,True,Prostrate or Mat-forming Forb/Herb,6,0.0
Gap,10,5,False,False,True,Small Tufted grass/sedge,0,0.0
Gap,10,5,False,False,True,Small Tufted grass/sedge,3,0.0
Gap,10,5,False,False,True,Small Tufted grass/sedge,6,0.07142857142857142
Gap,10,6,True,True,False,Large Forb/Herb,0,0.009523809523809525
Gap,10,6,True,True,False,Large Forb/Herb,3,0.01904761904761905
Gap,10,6,True,True,False,Large Forb/Herb,6,0.02857142857142857
Gap,10,6,True,True,False,Medium Forb/Herb,0,0.08571428571428572
Gap,10,6,True,True,False,Medium Forb/Herb,3,0.12380952380952381
Gap,10,6,True,True,False,Medium Forb/Herb,6,0.05714285714285714
Gap,10,6,True,True,False,Prostrate or Mat-forming Forb/Herb,0,0.01904761904761905
Gap,10,6,True,True,False,Prostrate or Mat-forming Forb/Herb,3,0.009523809523809525
Gap,10,6,True,True,False,Prostrate or Mat-forming Forb/Herb,6,0.02857142857142857
Gap,10,6,True,True,False,Small Tufted grass/sedge,0,0.5714285714285714
Gap,10,6,True,True,False,Small Tufted grass/sedge,3,0.02857142857142857
Gap,10,6,True,True,False,Small Tufted grass/sedge,6,0.01904761904761905
Gap,10,6,True,True,True,Medium Forb/Herb,0,0.0
Gap,10,6,True,True,True,Medium Forb/Herb,3,0.08
Gap,10,6,True,True,True,Medium Forb/Herb,6,0.12
Gap,10,6,True,True,True,Medium Non-tufted grass/sedge,0,0.08
Gap,10,6,True,True,True,Medium Non-tufted grass/sedge,3,0.04
Gap,10,6,True,True,True,Medium Non-tufted grass/sedge,6,0.08
Gap,10,6,True,True,True,Prostrate or Mat-forming Forb/Herb,0,0.08
Gap,10,6,True,True,True,Prostrate or Mat-forming Forb/Herb,3,0.08
Gap,10,6,True,True,True,Prostrate or Mat-forming Forb/Herb,6,0.04
Gap,10,6,True,True,True,Small Tufted grass/sedge,0,0.0
Gap,10,6,True,True,True,Small Tufted grass/sedge,3,0.0
Gap,10,6,True,True,True,Small Tufted grass/sedge,6,0.4
Gap,10,7,False,True,False,Large Forb/Herb,0,0.020833333333333332
Gap,10,7,False,True,False,Large Forb/Herb,3,0.0625
Gap,10,7,False,True,False,Large Forb/Herb,6,0.020833333333333332
Gap,10,7,False,True,False,Large Tufted grass/sedge,0,0.020833333333333332
Gap,10,7,False,True,False,Large Tufted grass/sedge,3,0.020833333333333332
Gap,10,7,False,True,False,Large Tufted grass/sedge,6,0.0
Gap,10,7,False,True,False,Medium Forb/Herb,0,0.14583333333333334
Gap,10,7,False,True,False,Medium Forb/Herb,3,0.375
Gap,10,7,False,True,False,Medium Forb/Herb,6,0.08333333333333333
Gap,10,7,False,True,False,Medium Non-tufted grass/sedge,0,0.0
Gap,10,7,False,True,False,Medium Non-tufted grass/sedge,3,0.0
Gap,10,7,False,True,False,Medium Non-tufted grass/sedge,6,0.020833333333333332
Gap,10,7,False,True,False,Medium Tufted grass/sedge,0,0.0
Gap,10,7,False,True,False,Medium Tufted grass/sedge,3,0.0
Gap,10,7,False,True,False,Medium Tufted grass/sedge,6,0.020833333333333332
Gap,10,7,False,True,False,Prostrate or Mat-forming Forb/Herb,0,0.0
Gap,10,7,False,True,False,Prostrate or Mat-forming Forb/Herb,3,0.0625
Gap,10,7,False,True,False,Prostrate or Mat-forming Forb/Herb,6,0.041666666666666664
Gap,10,7,False,True,False,Small Non-tufted grass/sedge,0,0.0
Gap,10,7,False,True,False,Small Non-tufted grass/sedge,3,0.020833333333333332
Gap,10,7,False,True,False,Small Non-tufted grass/sedge,6,0.0
Gap,10,7,False,True,False,Small Tufted grass/sedge,0,0.041666666666666664
Gap,10,7,False,True,False,Small Tufted grass/sedge,3,0.041666666666666664
Gap,10,7,False,True,False,Small Tufted grass/sedge,6,0.0
Gap,10,7,False,True,True,Large Shrub to Medium Tree,0,0.013157894736842105
Gap,10,7,False,True,True,Large Shrub to Medium Tree,3,0.013157894736842105
Gap,10,7,False,True,True,Large Shrub to Medium Tree,6,0.013157894736842105
Gap,10,7,False,True,True,Medium Forb/Herb,0,0.02631578947368421
Gap,10,7,False,True,True,Medium Forb/Herb,3,0.05263157894736842
Gap,10,7,False,True,True,Medium Forb/Herb,6,0.013157894736842105
Gap,10,7,False,True,True,Medium Non-tufted grass/sedge,0,0.02631578947368421
Gap,10,7,False,True,True,Medium Non-tufted grass/sedge,3,0.5263157894736842
Gap,10,7,False,True,True,Medium Non-tufted grass/sedge,6,0.2631578947368421
Gap,10,7,False,True,True,Prostrate or Mat-forming Forb/Herb,0,0.013157894736842105
Gap,10,7,False,True,True,Prostrate or Mat-forming Forb/Herb,3,0.013157894736842105
Gap,10,7,False,True,True,Prostrate or Mat-forming Forb/Herb,6,0.0
Gap,10,7,False,True,True,Small Forb/Herb,0,0.0
Gap,10,7,False,True,True,Small Forb/Herb,3,0.013157894736842105
Gap,10,7,False,True,True,Small Forb/Herb,6,0.0
Gap,10,7,False,True,True,Small Tufted grass/sedge,0,0.0
Gap,10,7,False,True,True,Small Tufted grass/sedge,3,0.013157894736842105
Gap,10,7,False,True,True,Small Tufted grass/sedge,6,0.0
Gap,10,8,True,True,False,Large Forb/Herb,0,0.028169014084507043
Gap,10,8,True,True,False,Large Forb/Herb,3,0.056338028169014086
Gap,10,8,True,True,False,Large Forb/Herb,6,0.028169014084507043
Gap,10,8,True,True,False,Medium Forb/Herb,0,0.08450704225352113
Gap,10,8,True,True,False,Medium Forb/Herb,3,0.16901408450704225
Gap,10,8,True,True,False,Medium Forb/Herb,6,0.16901408450704225
Gap,10,8,True,True,False,Prostrate or Mat-forming Forb/Herb,0,0.014084507042253521
Gap,10,8,True,True,False,Prostrate or Mat-forming Forb/Herb,3,0.028169014084507043
Gap,10,8,True,True,False,Prostrate or Mat-forming Forb/Herb,6,0.04225352112676056
Gap,10,8,True,True,False,Small Tufted grass/sedge,0,0.28169014084507044
Gap,10,8,True,True,False,Small Tufted grass/sedge,3,0.07042253521126761
Gap,10,8,True,True,False,Small Tufted grass/sedge,6,0.028169014084507043
Gap,10,8,True,True,True,Large Forb/Herb,0,0.019230769230769232
Gap,10,8,True,True,True,Large Forb/Herb,3,0.019230769230769232
Gap,10,8,True,True,True,Large Forb/Herb,6,0.19230769230769232
Gap,10,8,True,True,True,Medium Forb/Herb,0,0.019230769230769232
Gap,10,8,True,True,True,Medium Forb/Herb,3,0.019230769230769232
Gap,10,8,True,True,True,Medium Forb/Herb,6,0.019230769230769232
Gap,10,8,True,True,True,Medium Non-tufted grass/sedge,0,0.038461538461538464
Gap,10,8,True,True,True,Medium Non-tufted grass/sedge,3,0.19230769230769232
Gap,10,8,True,True,True,Medium Non-tufted grass/sedge,6,0.19230769230769232
Gap,10,8,True,True,True,Prostrate or Mat-forming Forb/Herb,0,0.0
Gap,10,8,True,True,True,Prostrate or Mat-forming Forb/Herb,3,0.019230769230769232
Gap,10,8,True,True,True,Prostrate or Mat-forming Forb/Herb,6,0.019230769230769232
Gap,10,8,True,True,True,Small Tufted grass/sedge,0,0.0
Gap,10,8,True,True,True,Small Tufted grass/sedge,3,0.0
Gap,10,8,True,True,True,Small Tufted grass/sedge,6,0.19230769230769232
Gap,10,8,True,True,True,Tufted Ground Fern,0,0.0
Gap,10,8,True,True,True,Tufted Ground Fern,3,0.038461538461538464
Gap,10,8,True,True,True,Tufted Ground Fern,6,0.019230769230769232
Gap,10,9,False,True,False,Large Forb/Herb,0,0.01020408163265306
Gap,10,9,False,True,False,Large Forb/Herb,3,0.02040816326530612
Gap,10,9,False,True,False,Large Forb/Herb,6,0.0
Gap,10,9,False,True,False,Medium Forb/Herb,0,0.02040816326530612
Gap,10,9,False,True,False,Medium Forb/Herb,3,0.25510204081632654
Gap,10,9,False,True,False,Medium Forb/Herb,6,0.02040816326530612
Gap,10,9,False,True,False,Medium Non-tufted grass/sedge,0,0.0
Gap,10,9,False,True,False,Medium Non-tufted grass/sedge,3,0.01020408163265306
Gap,10,9,False,True,False,Medium Non-tufted grass/sedge,6,0.0
Gap,10,9,False,True,False,Prostrate or Mat-forming Forb/Herb,0,0.01020408163265306
Gap,10,9,False,True,False,Prostrate or Mat-forming Forb/Herb,3,0.01020408163265306
Gap,10,9,False,True,False,Prostrate or Mat-forming Forb/Herb,6,0.01020408163265306
Gap,10,9,False,True,False,Small Tufted grass/sedge,0,0.20408163265306123
Gap,10,9,False,True,False,Small Tufted grass/sedge,3,0.40816326530612246
Gap,10,9,False,True,False,Small Tufted grass/sedge,6,0.02040816326530612
Gap,10,9,False,True,True,Medium Forb/Herb,0,0.0
Gap,10,9,False,True,True,Medium Forb/Herb,3,0.0
Gap,10,9,False,True,True,Medium Forb/Herb,6,0.2222222222222222
Gap,10,9,False,True,True,Medium Non-tufted grass/sedge,0,0.0
Gap,10,9,False,True,True,Medium Non-tufted grass/sedge,3,0.0
Gap,10,9,False,True,True,Medium Non-tufted grass/sedge,6,0.1111111111111111
Gap,10,9,False,True,True,Prostrate or Mat-forming Forb/Herb,0,0.1111111111111111
Gap,10,9,False,True,True,Prostrate or Mat-forming Forb/Herb,3,0.2222222222222222
Gap,10,9,False,True,True,Prostrate or Mat-forming Forb/Herb,6,0.1111111111111111
Gap,10,9,False,True,True,Small Tufted grass/sedge,0,0.0
Gap,10,9,False,True,True,Small Tufted grass/sedge,3,0.0
Gap,10,9,False,True,True,Small Tufted grass/sedge,6,0.2222222222222222
Gap,10,10,True,False,False,Large Forb/Herb,0,0.024390243902439025
Gap,10,10,True,False,False,Large Forb/Herb,3,0.012195121951219513
Gap,10,10,True,False,False,Large Forb/Herb,6,0.012195121951219513
Gap,10,10,True,False,False,Medium Forb/Herb,0,0.036585365853658534
Gap,10,10,True,False,False,Medium Forb/Herb,3,0.036585365853658534
Gap,10,10,True,False,False,Medium Forb/Herb,6,0.036585365853658534
Gap,10,10,True,False,False,Medium Tufted grass/sedge,0,0.012195121951219513
Gap,10,10,True,False,False,Medium Tufted grass/sedge,3,0.012195121951219513
Gap,10,10,True,False,False,Medium Tufted grass/sedge,6,0.012195121951219513
Gap,10,10,True,False,False,Prostrate or Mat-forming Forb/Herb,0,0.012195121951219513
Gap,10,10,True,False,False,Prostrate or Mat-forming Forb/Herb,3,0.012195121951219513
Gap,10,10,True,False,False,Prostrate or Mat-forming Forb/Herb,6,0.012195121951219513
Gap,10,10,True,False,False,Small Tufted grass/sedge,0,0.4878048780487805
Gap,10,10,True,False,False,Small Tufted grass/sedge,3,0.24390243902439024
Gap,10,10,True,False,False,Small Tufted grass/sedge,6,0.036585365853658534
Gap,10,10,True,False,True,Large Forb/Herb,0,0.019230769230769232
Gap,10,10,True,False,True,Large Forb/Herb,3,0.019230769230769232
Gap,10,10,True,False,True,Large Forb/Herb,6,0.038461538461538464
Gap,10,10,True,False,True,Medium Forb/Herb,0,0.019230769230769232
Gap,10,10,True,False,True,Medium Forb/Herb,3,0.019230769230769232
Gap,10,10,True,False,True,Medium Forb/Herb,6,0.019230769230769232
Gap,10,10,True,False,True,Medium Non-tufted grass/sedge,0,0.0
Gap,10,10,True,False,True,Medium Non-tufted grass/sedge,3,0.0
Gap,10,10,True,False,True,Medium Non-tufted grass/sedge,6,0.019230769230769232
Gap,10,10,True,False,True,Small Tufted grass/sedge,0,0.0
Gap,10,10,True,False,True,Small Tufted grass/sedge,3,0.0
Gap,10,10,True,False,True,Small Tufted grass/sedge,6,0.7692307692307693
Gap,10,10,True,False,True,Tufted Ground Fern,0,0.019230769230769232
Gap,10,10,True,False,True,Tufted Ground Fern,3,0.019230769230769232
Gap,10,10,True,False,True,Tufted Ground Fern,6,0.038461538461538464
Gap,10,11,False,True,False,Large Forb/Herb,0,0.028985507246376812
Gap,10,11,False,True,False,Large Forb/Herb,3,0.043478260869565216
Gap,10,11,False,True,False,Large Forb/Herb,6,0.028985507246376812
Gap,10,11,False,True,False,Medium Forb/Herb,0,0.057971014492753624
Gap,10,11,False,True,False,Medium Forb/Herb,3,0.07246376811594203
Gap,10,11,False,True,False,Medium Forb/Herb,6,0.10144927536231885
Gap,10,11,False,True,False,Medium Non-tufted grass/sedge,0,0.0
Gap,10,11,False,True,False,Medium Non-tufted grass/sedge,3,0.014492753623188406
Gap,10,11,False,True,False,Medium Non-tufted grass/sedge,6,0.0
Gap,10,11,False,True,False,Prostrate or Mat-forming Forb/Herb,0,0.028985507246376812
Gap,10,11,False,True,False,Prostrate or Mat-forming Forb/Herb,3,0.014492753623188406
Gap,10,11,False,True,False,Prostrate or Mat-forming Forb/Herb,6,0.057971014492753624
Gap,10,11,False,True,False,Small Non-tufted grass/sedge,0,0.0
Gap,10,11,False,True,False,Small Non-tufted grass/sedge,3,0.014492753623188406
Gap,10,11,False,True,False,Small Non-tufted grass/sedge,6,0.014492753623188406
Gap,10,11,False,True,False,Small Tufted grass/sedge,0,0.2898550724637681
Gap,10,11,False,True,False,Small Tufted grass/sedge,3,0.17391304347826086
Gap,10,11,False,True,False,Small Tufted grass/sedge,6,0.028985507246376812
Gap,10,11,False,True,False,Tiny Tufted grass/sedge,0,0.0
Gap,10,11,False,True,False,Tiny Tufted grass/sedge,3,0.028985507246376812
Gap,10,11,False,True,False,Tiny Tufted grass/sedge,6,0.0
Gap,10,11,False,True,True,Large Forb/Herb,0,0.06060606060606061
Gap,10,11,False,True,True,Large Forb/Herb,3,0.06060606060606061
Gap,10,11,False,True,True,Large Forb/Herb,6,0.6060606060606061
Gap,10,11,False,True,True,Medium Forb/Herb,0,0.030303030303030304
Gap,10,11,False,True,True,Medium Forb/Herb,3,0.030303030303030304
Gap,10,11,False,True,True,Medium Forb/Herb,6,0.09090909090909091
Gap,10,11,False,True,True,Medium Non-tufted grass/sedge,0,0.030303030303030304
Gap,10,11,False,True,True,Medium Non-tufted grass/sedge,3,0.0
Gap,10,11,False,True,True,Medium Non-tufted grass/sedge,6,0.0
Gap,10,11,False,True,True,Prostrate Shrub,0,0.030303030303030304
Gap,10,11,False,True,True,Prostrate Shrub,3,0.030303030303030304
Gap,10,11,False,True,True,Prostrate Shrub,6,0.0
Gap,10,11,False,True,True,Small Tufted grass/sedge,0,0.0
Gap,10,11,False,True,True,Small Tufted grass/sedge,3,0.0
Gap,10,11,False,True,True,Small Tufted grass/sedge,6,0.030303030303030304
Gap,10,12,True,True,False,Large Forb/Herb,0,0.014492753623188406
Gap,10,12,True,True,False,Large Forb/Herb,3,0.07246376811594203
Gap,10,12,True,True,False,Large Forb/Herb,6,0.028985507246376812
Gap,10,12,True,True,False,Large Tufted grass/sedge,0,0.014492753623188406
Gap,10,12,True,True,False,Large Tufted grass/sedge,3,0.17391304347826086
Gap,10,12,True,True,False,Large Tufted grass/sedge,6,0.014492753623188406
Gap,10,12,True,True,False,Medium Forb/Herb,0,0.028985507246376812
Gap,10,12,True,True,False,Medium Forb/Herb,3,0.2463768115942029
Gap,10,12,True,True,False,Medium Forb/Herb,6,0.0
Gap,10,12,True,True,False,Medium Tufted grass/sedge,0,0.0
Gap,10,12,True,True,False,Medium Tufted grass/sedge,3,0.0
Gap,10,12,True,True,False,Medium Tufted grass/sedge,6,0.2898550724637681
Gap,10,12,True,True,False,Prostrate or Mat-forming Forb/Herb,0,0.014492753623188406
Gap,10,12,True,True,False,Prostrate or Mat-forming Forb/Herb,3,0.014492753623188406
Gap,10,12,True,True,False,Prostrate or Mat-forming Forb/Herb,6,0.0
Gap,10,12,True,True,False,Small Non-tufted grass/sedge,0,0.0
Gap,10,12,True,True,False,Small Non-tufted grass/sedge,3,0.014492753623188406
Gap,10,12,True,True,False,Small Non-tufted grass/sedge,6,0.0
Gap,10,12,True,True,False,Small Tufted grass/sedge,0,0.014492753623188406
Gap,10,12,True,True,False,Small Tufted grass/sedge,3,0.057971014492753624
Gap,10,12,True,True,False,Small Tufted grass/sedge,6,0.0
Gap,10,12,True,True,True,Large Forb/Herb,0,0.06369426751592357
Gap,10,12,True,True,True,Large Forb/Herb,3,0.25477707006369427
Gap,10,12,True,True,True,Large Forb/Herb,6,0.5095541401273885
Gap,10,12,True,True,True,Medium Forb/Herb,0,0.006369426751592357
Gap,10,12,True,True,True,Medium Forb/Herb,3,0.012738853503184714
Gap,10,12,True,True,True,Medium Forb/Herb,6,0.0
Gap,10,12,True,True,True,Shrub,0,0.0
Gap,10,12,True,True,True,Shrub,3,0.12738853503184713
Gap,10,12,True,True,True,Shrub,6,0.012738853503184714
Gap,10,12,True,True,True,Small Tufted grass/sedge,0,0.0
Gap,10,12,True,True,True,Small Tufted grass/sedge,3,0.006369426751592357
Gap,10,12,True,True,True,Small Tufted grass/sedge,6,0.006369426751592357
Gap,10,13,False,False,False,Large Forb/Herb,0,0.0
Gap,10,13,False,False,False,Large Forb/Herb,3,0.037037037037037035
Gap,10,13,False,False,False,Large Forb/Herb,6,0.07407407407407407
Gap,10,13,False,False,False,Medium Forb/Herb,0,0.14814814814814814
Gap,10,13,False,False,False,Medium Forb/Herb,3,0.14814814814814814
Gap,10,13,False,False,False,Medium Forb/Herb,6,0.25925925925925924
Gap,10,13,False,False,False,Medium Tufted grass/sedge,0,0.0
Gap,10,13,False,False,False,Medium Tufted grass/sedge,3,0.0
Gap,10,13,False,False,False,Medium Tufted grass/sedge,6,0.037037037037037035
Gap,10,13,False,False,False,Prostrate or Mat-forming Forb/Herb,0,0.037037037037037035
Gap,10,13,False,False,False,Prostrate or Mat-forming Forb/Herb,3,0.037037037037037035
Gap,10,13,False,False,False,Prostrate or Mat-forming Forb/Herb,6,0.037037037037037035
Gap,10,13,False,False,False,Small Non-tufted grass/sedge,0,0.0
Gap,10,13,False,False,False,Small Non-tufted grass/sedge,3,0.037037037037037035
Gap,10,13,False,False,False,Small Non-tufted grass/sedge,6,0.0
Gap,10,13,False,False,False,Small Tufted grass/sedge,0,0.07407407407407407
Gap,10,13,False,False,False,Small Tufted grass/sedge,3,0.07407407407407407
Gap,10,13,False,False,False,Small Tufted grass/sedge,6,0.0
Gap,10,13,False,False,True,Medium Forb/Herb,0,0.1
Gap,10,13,False,False,True,Medium Forb/Herb,3,0.1
Gap,10,13,False,False,True,Medium Forb/Herb,6,0.2
Gap,10,13,False,False,True,Prostrate or Mat-forming Forb/Herb,0,0.2
Gap,10,13,False,False,True,Prostrate or Mat-forming Forb/Herb,3,0.2
Gap,10,13,False,False,True,Prostrate or Mat-forming Forb/Herb,6,0.0
Gap,10,13,False,False,True,Small Tufted grass/sedge,0,0.0
Gap,10,13,False,False,True,Small Tufted grass/sedge,3,0.0
Gap,10,13,False,False,True,Small Tufted grass/sedge,6,0.2
Gap,10,14,True,False,False,Large Forb/Herb,0,0.0
Gap,10,14,True,False,False,Large Forb/Herb,3,0.029411764705882353
Gap,10,14,True,False,False,Large Forb/Herb,6,0.058823529411764705
Gap,10,14,True,False,False,Medium Forb/Herb,0,0.029411764705882353
Gap,10,14,True,False,False,Medium Forb/Herb,3,0.20588235294117646
Gap,10,14,True,False,False,Medium Forb/Herb,6,0.11764705882352941
Gap,10,14,True,False,False,Prostrate or Mat-forming Forb/Herb,0,0.0
Gap,10,14,True,False,False,Prostrate or Mat-forming Forb/Herb,3,0.058823529411764705
Gap,10,14,True,False,False,Prostrate or Mat-forming Forb/Herb,6,0.058823529411764705
Gap,10,14,True,False,False,Small Non-tufted grass/sedge,0,0.0
Gap,10,14,True,False,False,Small Non-tufted grass/sedge,3,0.0
Gap,10,14,True,False,False,Small Non-tufted grass/sedge,6,0.058823529411764705
Gap,10,14,True,False,False,Small Tufted grass/sedge,0,0.058823529411764705
Gap,10,14,True,False,False,Small Tufted grass/sedge,3,0.3235294117647059
Gap,10,14,True,False,False,Small Tufted grass/sedge,6,0.0
Gap,10,14,True,False,True,Medium Forb/Herb,0,0.037037037037037035
Gap,10,14,True,False,True,Medium Forb/Herb,3,0.14814814814814814
Gap,10,14,True,False,True,Medium Forb/Herb,6,0.4444444444444444
Gap,10,14,True,False,True,Small Tufted grass/sedge,0,0.0
Gap,10,14,True,False,True,Small Tufted grass/sedge,3,0.0
Gap,10,14,True,False,True,Small Tufted grass/sedge,6,0.37037037037037035
Gap,10,15,False,False,False,Large Forb/Herb,0,0.0
Gap,10,15,False,False,False,Large Forb/Herb,3,0.0
Gap,10,15,False,False,False,Large Forb/Herb,6,0.023255813953488372
Gap,10,15,False,False,False,Large Tufted grass/sedge,0,0.046511627906976744
Gap,10,15,False,False,False,Large Tufted grass/sedge,3,0.046511627906976744
Gap,10,15,False,False,False,Large Tufted grass/sedge,6,0.0
Gap,10,15,False,False,False,Medium Forb/Herb,0,0.09302325581395349
Gap,10,15,False,False,False,Medium Forb/Herb,3,0.09302325581395349
Gap,10,15,False,False,False,Medium Forb/Herb,6,0.09302325581395349
Gap,10,15,False,False,False,Medium Tufted grass/sedge,0,0.0
Gap,10,15,False,False,False,Medium Tufted grass/sedge,3,0.0
Gap,10,15,False,False,False,Medium Tufted grass/sedge,6,0.023255813953488372
Gap,10,15,False,False,False,Prostrate or Mat-forming Forb/Herb,0,0.023255813953488372
Gap,10,15,False,False,False,Prostrate or Mat-forming Forb/Herb,3,0.023255813953488372
Gap,10,15,False,False,False,Prostrate or Mat-forming Forb/Herb,6,0.046511627906976744
Gap,10,15,False,False,False,Small Tufted grass/sedge,0,0.23255813953488372
Gap,10,15,False,False,False,Small Tufted grass/sedge,3,0.23255813953488372
Gap,10,15,False,False,False,Small Tufted grass/sedge,6,0.023255813953488372
Gap,10,15,False,False,True,Large Forb/Herb,0,0.03125
Gap,10,15,False,False,True,Large Forb/Herb,3,0.3125
Gap,10,15,False,False,True,Large Forb/Herb,6,0.3125
Gap,10,15,False,False,True,Medium Forb/Herb,0,0.0
Gap,10,15,False,False,True,Medium Forb/Herb,3,0.03125
Gap,10,15,False,False,True,Medium Forb/Herb,6,0.03125
Gap,10,15,False,False,True,Medium Non-tufted grass/sedge,0,0.03125
Gap,10,15,False,False,True,Medium Non-tufted grass/sedge,3,0.03125
Gap,10,15,False,False,True,Medium Non-tufted grass/sedge,6,0.03125
Gap,10,15,False,False,True,Prostrate or Mat-forming Forb/Herb,0,0.03125
Gap,10,15,False,False,True,Prostrate or Mat-forming Forb/Herb,3,0.0625
Gap,10,15,False,False,True,Prostrate or Mat-forming Forb/Herb,6,0.0
Gap,10,15,False,False,True,Small Tufted grass/sedge,0,0.0
Gap,10,15,False,False,True,Small Tufted grass/sedge,3,0.0
Gap,10,15,False,False,True,Small Tufted grass/sedge,6,0.03125
Gap,10,15,False,False,True,Tufted Ground Fern,0,0.03125
Gap,10,15,False,False,True,Tufted Ground Fern,3,0.0
Gap,10,15,False,False,True,Tufted Ground Fern,6,0.03125
Gap,10,16,True,True,False,Large Forb/Herb,0,0.0
Gap,10,16,True,True,False,Large Forb/Herb,3,0.06217616580310881
Gap,10,16,True,True,False,Large Forb/Herb,6,0.010362694300518135
Gap,10,16,True,True,False,Large Tufted grass/sedge,0,0.0
Gap,10,16,True,True,False,Large Tufted grass/sedge,3,0.31088082901554404
Gap,10,16,True,True,False,Large Tufted grass/sedge,6,0.5181347150259067
Gap,10,16,True,True,False,Medium Forb/Herb,0,0.025906735751295335
Gap,10,16,True,True,False,Medium Forb/Herb,3,0.02072538860103627
Gap,10,16,True,True,False,Medium Forb/Herb,6,0.0051813471502590676
Gap,10,16,True,True,False,Prostrate or Mat-forming Forb/Herb,0,0.0051813471502590676
Gap,10,16,True,True,False,Prostrate or Mat-forming Forb/Herb,3,0.010362694300518135
Gap,10,16,True,True,False,Prostrate or Mat-forming Forb/Herb,6,0.0051813471502590676
Gap,10,16,True,True,False,Small Non-tufted grass/sedge,0,0.0051813471502590676
Gap,10,16,True,True,False,Small Non-tufted grass/sedge,3,0.0
Gap,10,16,True,True,False,Small Non-tufted grass/sedge,6,0.0
Gap,10,16,True,True,False,Small Tufted grass/sedge,0,0.0051813471502590676
Gap,10,16,True,True,False,Small Tufted grass/sedge,3,0.010362694300518135
Gap,10,16,True,True,False,Small Tufted grass/sedge,6,0.0051813471502590676
Gap,10,16,True,True,True,Large Forb/Herb,0,0.0847457627118644
Gap,10,16,True,True,True,Large Forb/Herb,3,0.3389830508474576
Gap,10,16,True,True,True,Large Forb/Herb,6,0.5084745762711864
Gap,10,16,True,True,True,Medium Forb/Herb,0,0.0
Gap,10,16,True,True,True,Medium Forb/Herb,3,0.0
Gap,10,16,True,True,True,Medium Forb/Herb,6,0.01694915254237288
Gap,10,16,True,True,True,Medium Non-tufted grass/sedge,0,0.00847457627118644
Gap,10,16,True,True,True,Medium Non-tufted grass/sedge,3,0.0
Gap,10,16,True,True,True,Medium Non-tufted grass/sedge,6,0.01694915254237288
Gap,10,16,True,True,True,Prostrate or Mat-forming Forb/Herb,0,0.00847457627118644
Gap,10,16,True,True,True,Prostrate or Mat-forming Forb/Herb,3,0.00847457627118644
Gap,10,16,True,True,True,Prostrate or Mat-forming Forb/Herb,6,0.0
Gap,10,16,True,True,True,Small Tufted grass/sedge,0,0.0
Gap,10,16,True,True,True,Small Tufted grass/sedge,3,0.0
Gap,10,16,True,True,True,Small Tufted grass/sedge,6,0.00847457627118644
Gap,10,17,False,False,False,Large Forb/Herb,0,0.04411764705882353
Gap,10,17,False,False,False,Large Forb/Herb,3,0.0
Gap,10,17,False,False,False,Large Forb/Herb,6,0.058823529411764705
Gap,10,17,False,False,False,Large Tufted grass/sedge,0,0.14705882352941177
Gap,10,17,False,False,False,Large Tufted grass/sedge,3,0.0
Gap,10,17,False,False,False,Large Tufted grass/sedge,6,0.0
Gap,10,17,False,False,False,Medium Forb/Herb,0,0.029411764705882353
Gap,10,17,False,False,False,Medium Forb/Herb,3,0.0
Gap,10,17,False,False,False,Medium Forb/Herb,6,0.029411764705882353
Gap,10,17,False,False,False,Medium Tufted grass/sedge,0,0.0
Gap,10,17,False,False,False,Medium Tufted grass/sedge,3,0.0
Gap,10,17,False,False,False,Medium Tufted grass/sedge,6,0.029411764705882353
Gap,10,17,False,False,False,Prostrate or Mat-forming Forb/Herb,0,0.014705882352941176
Gap,10,17,False,False,False,Prostrate or Mat-forming Forb/Herb,3,0.0
Gap,10,17,False,False,False,Prostrate or Mat-forming Forb/Herb,6,0.014705882352941176
Gap,10,17,False,False,False,Small Non-tufted grass/sedge,0,0.014705882352941176
Gap,10,17,False,False,False,Small Non-tufted grass/sedge,3,0.0
Gap,10,17,False,False,False,Small Non-tufted grass/sedge,6,0.0
Gap,10,17,False,False,False,Small Tufted grass/sedge,0,0.5882352941176471
Gap,10,17,False,False,False,Small Tufted grass/sedge,3,0.0
Gap,10,17,False,False,False,Small Tufted grass/sedge,6,0.029411764705882353
Gap,10,17,False,False,True,Large Forb/Herb,0,0.0
Gap,10,17,False,False,True,Large Forb/Herb,3,0.0
Gap,10,17,False,False,True,Large Forb/Herb,6,0.125
Gap,10,17,False,False,True,Medium Forb/Herb,0,0.125
Gap,10,17,False,False,True,Medium Forb/Herb,3,0.0
Gap,10,17,False,False,True,Medium Forb/Herb,6,0.25
Gap,10,17,False,False,True,Medium Non-tufted grass/sedge,0,0.0
Gap,10,17,False,False,True,Medium Non-tufted grass/sedge,3,0.0
Gap,10,17,False,False,True,Medium Non-tufted grass/sedge,6,0.125
Gap,10,17,False,False,True,Prostrate or Mat-forming Forb/Herb,0,0.125
Gap,10,17,False,False,True,Prostrate or Mat-forming Forb/Herb,3,0.0
Gap,10,17,False,False,True,Prostrate or Mat-forming Forb/Herb,6,0.0
Gap,10,17,False,False,True,Small Tufted grass/sedge,0,0.0
Gap,10,17,False,False,True,Small Tufted grass/sedge,3,0.0
Gap,10,17,False,False,True,Small Tufted grass/sedge,6,0.25
Gap,10,18,True,False,False,Large Forb/Herb,0,0.04878048780487805
Gap,10,18,True,False,False,Large Forb/Herb,3,0.036585365853658534
Gap,10,18,True,False,False,Large Forb/Herb,6,0.012195121951219513
Gap,10,18,True,False,False,Large Tufted grass/sedge,0,0.024390243902439025
Gap,10,18,True,False,False,Large Tufted grass/sedge,3,0.12195121951219512
Gap,10,18,True,False,False,Large Tufted grass/sedge,6,0.0
Gap,10,18,True,False,False,Medium Forb/Herb,0,0.08536585365853659
Gap,10,18,True,False,False,Medium Forb/Herb,3,0.10975609756097561
Gap,10,18,True,False,False,Medium Forb/Herb,6,0.036585365853658534
Gap,10,18,True,False,False,Prostrate or Mat-forming Forb/Herb,0,0.012195121951219513
Gap,10,18,True,False,False,Prostrate or Mat-forming Forb/Herb,3,0.0
Gap,10,18,True,False,False,Prostrate or Mat-forming Forb/Herb,6,0.012195121951219513
Gap,10,18,True,False,False,Small Tufted grass/sedge,0,0.24390243902439024
Gap,10,18,True,False,False,Small Tufted grass/sedge,3,0.25609756097560976
Gap,10,18,True,False,False,Small Tufted grass/sedge,6,0.0
Gap,10,18,True,False,True,Large Forb/Herb,0,0.08333333333333333
Gap,10,18,True,False,True,Large Forb/Herb,3,0.4166666666666667
Gap,10,18,True,False,True,Large Forb/Herb,6,0.08333333333333333
Gap,10,18,True,False,True,Medium Forb/Herb,0,0.041666666666666664
Gap,10,18,True,False,True,Medium Forb/Herb,3,0.08333333333333333
Gap,10,18,True,False,True,Medium Forb/Herb,6,0.08333333333333333
Gap,10,18,True,False,True,Medium Non-tufted grass/sedge,0,0.08333333333333333
Gap,10,18,True,False,True,Medium Non-tufted grass/sedge,3,0.0
Gap,10,18,True,False,True,Medium Non-tufted grass/sedge,6,0.041666666666666664
Gap,10,18,True,False,True,Small Tufted grass/sedge,0,0.0
Gap,10,18,True,False,True,Small Tufted grass/sedge,3,0.0
Gap,10,18,True,False,True,Small Tufted grass/sedge,6,0.08333333333333333
Gap,10,19,False,False,False,Large Forb/Herb,0,0.0
Gap,10,19,False,False,False,Large Forb/Herb,3,0.05
Gap,10,19,False,False,False,Large Forb/Herb,6,0.0
Gap,10,19,False,False,False,Medium Forb/Herb,0,0.05
Gap,10,19,False,False,False,Medium Forb/Herb,3,0.1
Gap,10,19,False,False,False,Medium Forb/Herb,6,0.5
Gap,10,19,False,False,False,Prostrate or Mat-forming Forb/Herb,0,0.0
Gap,10,19,False,False,False,Prostrate or Mat-forming Forb/Herb,3,0.0
Gap,10,19,False,False,False,Prostrate or Mat-forming Forb/Herb,6,0.05
Gap,10,19,False,False,False,Small Tufted grass/sedge,0,0.1
Gap,10,19,False,False,False,Small Tufted grass/sedge,3,0.1
Gap,10,19,False,False,False,Small Tufted grass/sedge,6,0.05
Gap,10,19,False,False,True,Prostrate or Mat-forming Forb/Herb,0,0.5
Gap,10,19,False,False,True,Prostrate or Mat-forming Forb/Herb,3,0.25
Gap,10,19,False,False,True,Prostrate or Mat-forming Forb/Herb,6,0.0
Gap,10,19,False,False,True,Small Tufted grass/sedge,0,0.0
Gap,10,19,False,False,True,Small Tufted grass/sedge,3,0.0
Gap,10,19,False,False,True,Small Tufted grass/sedge,6,0.25
Gap,10,20,True,True,False,Large Forb/Herb,0,0.006329113924050633
Gap,10,20,True,True,False,Large Forb/Herb,3,0.12658227848101267
Gap,10,20,True,True,False,Large Forb/Herb,6,0.0
Gap,10,20,True,True,False,Large Tufted grass/sedge,0,0.012658227848101266
Gap,10,20,True,True,False,Large Tufted grass/sedge,3,0.12658227848101267
Gap,10,20,True,True,False,Large Tufted grass/sedge,6,0.0
Gap,10,20,True,True,False,Medium Forb/Herb,0,0.03164556962025317
Gap,10,20,True,True,False,Medium Forb/Herb,3,0.17721518987341772
Gap,10,20,True,True,False,Medium Forb/Herb,6,0.006329113924050633
Gap,10,20,True,True,False,Medium Tufted grass/sedge,0,0.0
Gap,10,20,True,True,False,Medium Tufted grass/sedge,3,0.012658227848101266
Gap,10,20,True,True,False,Medium Tufted grass/sedge,6,0.25949367088607594
Gap,10,20,True,True,False,Prostrate or Mat-forming Forb/Herb,0,0.006329113924050633
Gap,10,20,True,True,False,Prostrate or Mat-forming Forb/Herb,3,0.012658227848101266
Gap,10,20,True,True,False,Prostrate or Mat-forming Forb/Herb,6,0.006329113924050633
Gap,10,20,True,True,False,Small Non-tufted grass/sedge,0,0.0
Gap,10,20,True,True,False,Small Non-tufted grass/sedge,3,0.0
Gap,10,20,True,True,False,Small Non-tufted grass/sedge,6,0.012658227848101266
Gap,10,20,True,True,False,Small Tufted grass/sedge,0,0.12658227848101267
Gap,10,20,True,True,False,Small Tufted grass/sedge,3,0.06962025316455696
Gap,10,20,True,True,False,Small Tufted grass/sedge,6,0.006329113924050633
Gap,10,20,True,True,True,Medium Forb/Herb,0,0.08333333333333333
Gap,10,20,True,True,True,Medium Forb/Herb,3,0.08333333333333333
Gap,10,20,True,True,True,Medium Forb/Herb,6,0.08333333333333333
Gap,10,20,True,True,True,Medium Non-tufted grass/sedge,0,0.16666666666666666
Gap,10,20,True,True,True,Medium Non-tufted grass/sedge,3,0.0
Gap,10,20,True,True,True,Medium Non-tufted grass/sedge,6,0.08333333333333333
Gap,10,20,True,True,True,Prostrate or Mat-forming Forb/Herb,0,0.08333333333333333
Gap,10,20,True,True,True,Prostrate or Mat-forming Forb/Herb,3,0.16666666666666666
Gap,10,20,True,True,True,Prostrate or Mat-forming Forb/Herb,6,0.08333333333333333
Gap,10,20,True,True,True,Small Tufted grass/sedge,0,0.08333333333333333
Gap,10,20,True,True,True,Small Tufted grass/sedge,3,0.0
Gap,10,20,True,True,True,Small Tufted grass/sedge,6,0.0
Gap,10,20,True,True,True,Tufted Ground Fern,0,0.0
Gap,10,20,True,True,True,Tufted Ground Fern,3,0.0
Gap,10,20,True,True,True,Tufted Ground Fern,6,0.08333333333333333
Gap,10,21,False,False,False,Large Forb/Herb,0,0.0
Gap,10,21,False,False,False,Large Forb/Herb,3,0.15384615384615385
Gap,10,21,False,False,False,Large Forb/Herb,6,0.0
Gap,10,21,False,False,False,Large Tufted grass/sedge,0,0.15384615384615385
Gap,10,21,False,False,False,Large Tufted grass/sedge,3,0.07692307692307693
Gap,10,21,False,False,False,Large Tufted grass/sedge,6,0.0
Gap,10,21,False,False,False,Medium Forb/Herb,0,0.0
Gap,10,21,False,False,False,Medium Forb/Herb,3,0.07692307692307693
Gap,10,21,False,False,False,Medium Forb/Herb,6,0.15384615384615385
Gap,10,21,False,False,False,Medium Tufted grass/sedge,0,0.0
Gap,10,21,False,False,False,Medium Tufted grass/sedge,3,0.0
Gap,10,21,False,False,False,Medium Tufted grass/sedge,6,0.07692307692307693
Gap,10,21,False,False,False,Prostrate or Mat-forming Forb/Herb,0,0.07692307692307693
Gap,10,21,False,False,False,Prostrate or Mat-forming Forb/Herb,3,0.07692307692307693
Gap,10,21,False,False,False,Prostrate or Mat-forming Forb/Herb,6,0.0
Gap,10,21,False,False,False,Small Tufted grass/sedge,0,0.07692307692307693
Gap,10,21,False,False,False,Small Tufted grass/sedge,3,0.07692307692307693
Gap,10,21,False,False,False,Small Tufted grass/sedge,6,0.0
Gap,10,21,False,False,True,Medium Forb/Herb,0,0.14285714285714285
Gap,10,21,False,False,True,Medium Forb/Herb,3,0.2857142857142857
Gap,10,21,False,False,True,Medium Forb/Herb,6,0.14285714285714285
Gap,10,21,False,False,True,Medium Non-tufted grass/sedge,0,0.14285714285714285
Gap,10,21,False,False,True,Medium Non-tufted grass/sedge,3,0.14285714285714285
Gap,10,21,False,False,True,Medium Non-tufted grass/sedge,6,0.0
Gap,10,21,False,False,True,Prostrate or Mat-forming Forb/Herb,0,0.0
Gap,10,21,False,False,True,Prostrate or Mat-forming Forb/Herb,3,0.14285714285714285
Gap,10,21,False,False,True,Prostrate or Mat-forming Forb/Herb,6,0.0
Gap,10,22,True,True,False,Large Forb/Herb,0,0.0
Gap,10,22,True,True,False,Large Forb/Herb,3,0.008849557522123894
Gap,10,22,True,True,False,Large Forb/Herb,6,0.0
Gap,10,22,True,True,False,Large Tufted grass/sedge,0,0.0
Gap,10,22,True,True,False,Large Tufted grass/sedge,3,0.008849557522123894
Gap,10,22,True,True,False,Large Tufted grass/sedge,6,0.0
Gap,10,22,True,True,False,Medium Forb/Herb,0,0.017699115044247787
Gap,10,22,True,True,False,Medium Forb/Herb,3,0.07079646017699115
Gap,10,22,True,True,False,Medium Forb/Herb,6,0.17699115044247787
Gap,10,22,True,True,False,Medium Tufted grass/sedge,0,0.0
Gap,10,22,True,True,False,Medium Tufted grass/sedge,3,0.0
Gap,10,22,True,True,False,Medium Tufted grass/sedge,6,0.35398230088495575
Gap,10,22,True,True,False,Small Non-tufted grass/sedge,0,0.0
Gap,10,22,True,True,False,Small Non-tufted grass/sedge,3,0.008849557522123894
Gap,10,22,True,True,False,Small Non-tufted grass/sedge,6,0.0
Gap,10,22,True,True,False,Small Tufted grass/sedge,0,0.17699115044247787
Gap,10,22,True,True,False,Small Tufted grass/sedge,3,0.17699115044247787
Gap,10,22,True,True,False,Small Tufted grass/sedge,6,0.0
Gap,10,22,True,True,True,Medium Forb/Herb,0,0.0
Gap,10,22,True,True,True,Medium Forb/Herb,3,0.02631578947368421
Gap,10,22,True,True,True,Medium Forb/Herb,6,0.02631578947368421
Gap,10,22,True,True,True,Medium Non-tufted grass/sedge,0,0.05263157894736842
Gap,10,22,True,True,True,Medium Non-tufted grass/sedge,3,0.0
Gap,10,22,True,True,True,Medium Non-tufted grass/sedge,6,0.05263157894736842
Gap,10,22,True,True,True,Prostrate or Mat-forming Forb/Herb,0,0.02631578947368421
Gap,10,22,True,True,True,Prostrate or Mat-forming Forb/Herb,3,0.5263157894736842
Gap,10,22,True,True,True,Prostrate or Mat-forming Forb/Herb,6,0.0
Gap,10,22,True,True,True,Shrub,0,0.0
Gap,10,22,True,True,True,Shrub,3,0.02631578947368421
Gap,10,22,True,True,True,Shrub,6,0.0
Gap,10,22,True,True,True,Small Tufted grass/sedge,0,0.0
Gap,10,22,True,True,True,Small Tufted grass/sedge,3,0.0
Gap,10,22,True,True,True,Small Tufted grass/sedge,6,0.2631578947368421
Gap,10,23,False,False,False,Large Forb/Herb,0,0.1111111111111111
Gap,10,23,False,False,False,Large Forb/Herb,3,0.0
Gap,10,23,False,False,False,Large Forb/Herb,6,0.0
Gap,10,23,False,False,False,Medium Forb/Herb,0,0.0
Gap,10,23,False,False,False,Medium Forb/Herb,3,0.1111111111111111
Gap,10,23,False,False,False,Medium Forb/Herb,6,0.2222222222222222
Gap,10,23,False,False,False,Prostrate or Mat-forming Forb/Herb,0,0.1111111111111111
Gap,10,23,False,False,False,Prostrate or Mat-forming Forb/Herb,3,0.0
Gap,10,23,False,False,False,Prostrate or Mat-forming Forb/Herb,6,0.1111111111111111
Gap,10,23,False,False,False,Small Tufted grass/sedge,0,0.1111111111111111
Gap,10,23,False,False,False,Small Tufted grass/sedge,3,0.2222222222222222
Gap,10,23,False,False,False,Small Tufted grass/sedge,6,0.0
Gap,10,23,False,False,True,Medium Non-tufted grass/sedge,0,0.2
Gap,10,23,False,False,True,Medium Non-tufted grass/sedge,3,0.2
Gap,10,23,False,False,True,Medium Non-tufted grass/sedge,6,0.0
Gap,10,23,False,False,True,Prostrate or Mat-forming Forb/Herb,0,0.2
Gap,10,23,False,False,True,Prostrate or Mat-forming Forb/Herb,3,0.2
Gap,10,23,False,False,True,Prostrate or Mat-forming Forb/Herb,6,0.0
Gap,10,23,False,False,True,Small Tufted grass/sedge,0,0.0
Gap,10,23,False,False,True,Small Tufted grass/sedge,3,0.0
Gap,10,23,False,False,True,Small Tufted grass/sedge,6,0.2
Gap,10,24,True,True,False,Large Forb/Herb,0,0.013157894736842105
Gap,10,24,True,True,False,Large Forb/Herb,3,0.02631578947368421
Gap,10,24,True,True,False,Large Forb/Herb,6,0.0
Gap,10,24,True,True,False,Large Tufted grass/sedge,0,0.013157894736842105
Gap,10,24,True,True,False,Large Tufted grass/sedge,3,0.02631578947368421
Gap,10,24,True,True,False,Large Tufted grass/sedge,6,0.0
Gap,10,24,True,True,False,Medium Forb/Herb,0,0.039473684210526314
Gap,10,24,True,True,False,Medium Forb/Herb,3,0.05263157894736842
Gap,10,24,True,True,False,Medium Forb/Herb,6,0.2631578947368421
Gap,10,24,True,True,False,Medium Tufted grass/sedge,0,0.0
Gap,10,24,True,True,False,Medium Tufted grass/sedge,3,0.0
Gap,10,24,True,True,False,Medium Tufted grass/sedge,6,0.2631578947368421
Gap,10,24,True,True,False,Prostrate or Mat-forming Forb/Herb,0,0.013157894736842105
Gap,10,24,True,True,False,Prostrate or Mat-forming Forb/Herb,3,0.0
Gap,10,24,True,True,False,Prostrate or Mat-forming Forb/Herb,6,0.0
Gap,10,24,True,True,False,Small Tufted grass/sedge,0,0.2631578947368421
Gap,10,24,True,True,False,Small Tufted grass/sedge,3,0.02631578947368421
Gap,10,24,True,True,False,Small Tufted grass/sedge,6,0.0
Gap,10,24,True,True,True,Large Forb/Herb,0,0.09803921568627451
Gap,10,24,True,True,True,Large Forb/Herb,3,0.09803921568627451
Gap,10,24,True,True,True,Large Forb/Herb,6,0.5882352941176471
Gap,10,24,True,True,True,Large Shrub to Medium Tree,0,0.00980392156862745
Gap,10,24,True,True,True,Large Shrub to Medium Tree,3,0.00980392156862745
Gap,10,24,True,True,True,Large Shrub to Medium Tree,6,0.0196078431372549
Gap,10,24,True,True,True,Medium Forb/Herb,0,0.0
Gap,10,24,True,True,True,Medium Forb/Herb,3,0.0196078431372549
Gap,10,24,True,True,True,Medium Forb/Herb,6,0.00980392156862745
Gap,10,24,True,True,True,Medium Non-tufted grass/sedge,0,0.09803921568627451
Gap,10,24,True,True,True,Medium Non-tufted grass/sedge,3,0.0196078431372549
Gap,10,24,True,True,True,Medium Non-tufted grass/sedge,6,0.00980392156862745
Gap,10,24,True,True,True,Tufted Ground Fern,0,0.00980392156862745
Gap,10,24,True,True,True,Tufted Ground Fern,3,0.00980392156862745
Gap,10,24,True,True,True,Tufted Ground Fern,6,0.0
Gap,10,25,False,True,False,Large Forb/Herb,0,0.03125
Gap,10,25,False,True,False,Large Forb/Herb,3,0.0625
Gap,10,25,False,True,False,Large Forb/Herb,6,0.0
Gap,10,25,False,True,False,Medium Forb/Herb,0,0.0
Gap,10,25,False,True,False,Medium Forb/Herb,3,0.125
Gap,10,25,False,True,False,Medium Forb/Herb,6,0.03125
Gap,10,25,False,True,False,Prostrate or Mat-forming Forb/Herb,0,0.03125
Gap,10,25,False,True,False,Prostrate or Mat-forming Forb/Herb,3,0.0625
Gap,10,25,False,True,False,Prostrate or Mat-forming Forb/Herb,6,0.03125
Gap,10,25,False,True,False,Small Tufted grass/sedge,0,0.3125
Gap,10,25,False,True,False,Small Tufted grass/sedge,3,0.3125
Gap,10,25,False,True,False,Small Tufted grass/sedge,6,0.0
Gap,10,25,False,True,True,Medium Forb/Herb,0,0.125
Gap,10,25,False,True,True,Medium Forb/Herb,3,0.0
Gap,10,25,False,True,True,Medium Forb/Herb,6,0.125
Gap,10,25,False,True,True,Medium Non-tufted grass/sedge,0,0.25
Gap,10,25,False,True,True,Medium Non-tufted grass/sedge,3,0.25
Gap,10,25,False,True,True,Medium Non-tufted grass/sedge,6,0.125
Gap,10,25,False,True,True,Prostrate or Mat-forming Forb/Herb,0,0.125
Gap,10,25,False,True,True,Prostrate or Mat-forming Forb/Herb,3,0.0
Gap,10,25,False,True,True,Prostrate or Mat-forming Forb/Herb,6,0.0
Gap,10,26,True,True,False,Large Forb/Herb,0,0.0
Gap,10,26,True,True,False,Large Forb/Herb,3,0.08333333333333333
Gap,10,26,True,True,False,Large Forb/Herb,6,0.0
Gap,10,26,True,True,False,Medium Forb/Herb,0,0.08333333333333333
Gap,10,26,True,True,False,Medium Forb/Herb,3,0.25
Gap,10,26,True,True,False,Medium Forb/Herb,6,0.08333333333333333
Gap,10,26,True,True,False,Prostrate or Mat-forming Forb/Herb,0,0.0
Gap,10,26,True,True,False,Prostrate or Mat-forming Forb/Herb,3,0.08333333333333333
Gap,10,26,True,True,False,Prostrate or Mat-forming Forb/Herb,6,0.08333333333333333
Gap,10,26,True,True,False,Small Tufted grass/sedge,0,0.16666666666666666
Gap,10,26,True,True,False,Small Tufted grass/sedge,3,0.16666666666666666
Gap,10,26,True,True,False,Small Tufted grass/sedge,6,0.0
Gap,10,26,True,True,True,Large Forb/Herb,0,0.5
Gap,10,26,True,True,True,Large Forb/Herb,3,0.0
Gap,10,26,True,True,True,Large Forb/Herb,6,0.0
Gap,10,26,True,True,True,Medium Non-tufted grass/sedge,0,0.1
Gap,10,26,True,True,True,Medium Non-tufted grass/sedge,3,0.1
Gap,10,26,True,True,True,Medium Non-tufted grass/sedge,6,0.05
Gap,10,26,True,True,True,Prostrate or Mat-forming Forb/Herb,0,0.05
Gap,10,26,True,True,True,Prostrate or Mat-forming Forb/Herb,3,0.1
Gap,10,26,True,True,True,Prostrate or Mat-forming Forb/Herb,6,0.0
Gap,10,26,True,True,True,Small Tufted grass/sedge,0,0.0
Gap,10,26,True,True,True,Small Tufted grass/sedge,3,0.0
Gap,10,26,True,True,True,Small Tufted grass/sedge,6,0.05
Gap,10,26,True,True,True,Tufted Ground Fern,0,0.05
Gap,10,26,True,True,True,Tufted Ground Fern,3,0.0
Gap,10,26,True,True,True,Tufted Ground Fern,6,0.0
Gap,10,27,False,False,False,Large Forb/Herb,0,0.09090909090909091
Gap,10,27,False,False,False,Large Forb/Herb,3,0.0
Gap,10,27,False,False,False,Large Forb/Herb,6,0.0
Gap,10,27,False,False,False,Medium Forb/Herb,0,0.09090909090909091
Gap,10,27,False,False,False,Medium Forb/Herb,3,0.18181818181818182
Gap,10,27,False,False,False,Medium Forb/Herb,6,0.0
Gap,10,27,False,False,False,Medium Non-tufted grass/sedge,0,0.0
Gap,10,27,False,False,False,Medium Non-tufted grass/sedge,3,0.0
Gap,10,27,False,False,False,Medium Non-tufted grass/sedge,6,0.09090909090909091
Gap,10,27,False,False,False,Prostrate or Mat-forming Forb/Herb,0,0.0
Gap,10,27,False,False,False,Prostrate or Mat-forming Forb/Herb,3,0.09090909090909091
Gap,10,27,False,False,False,Prostrate or Mat-forming Forb/Herb,6,0.09090909090909091
Gap,10,27,False,False,False,Small Tufted grass/sedge,0,0.18181818181818182
Gap,10,27,False,False,False,Small Tufted grass/sedge,3,0.18181818181818182
Gap,10,27,False,False,False,Small Tufted grass/sedge,6,0.0
Gap,10,27,False,False,True,Large Forb/Herb,0,0.20202020202020202
Gap,10,27,False,False,True,Large Forb/Herb,3,0.10101010101010101
Gap,10,27,False,False,True,Large Forb/Herb,6,0.6060606060606061
Gap,10,27,False,False,True,Medium Forb/Herb,0,0.0
Gap,10,27,False,False,True,Medium Forb/Herb,3,0.010101010101010102
Gap,10,27,False,False,True,Medium Forb/Herb,6,0.0
Gap,10,27,False,False,True,Medium Non-tufted grass/sedge,0,0.010101010101010102
Gap,10,27,False,False,True,Medium Non-tufted grass/sedge,3,0.020202020202020204
Gap,10,27,False,False,True,Medium Non-tufted grass/sedge,6,0.0
Gap,10,27,False,False,True,Prostrate or Mat-forming Forb/Herb,0,0.020202020202020204
Gap,10,27,False,False,True,Prostrate or Mat-forming Forb/Herb,3,0.020202020202020204
Gap,10,27,False,False,True,Prostrate or Mat-forming Forb/Herb,6,0.0
Gap,10,27,False,False,True,Small Tufted grass/sedge,0,0.0
Gap,10,27,False,False,True,Small Tufted grass/sedge,3,0.0
Gap,10,27,False,False,True,Small Tufted grass/sedge,6,0.010101010101010102
Gap,10,28,True,False,False,Large Forb/Herb,0,0.0125
Gap,10,28,True,False,False,Large Forb/Herb,3,0.05
Gap,10,28,True,False,False,Large Forb/Herb,6,0.025
Gap,10,28,True,False,False,Medium Forb/Herb,0,0.05
Gap,10,28,True,False,False,Medium Forb/Herb,3,0.025
Gap,10,28,True,False,False,Medium Forb/Herb,6,0.025
Gap,10,28,True,False,False,Medium Tufted grass/sedge,0,0.0
Gap,10,28,True,False,False,Medium Tufted grass/sedge,3,0.0
Gap,10,28,True,False,False,Medium Tufted grass/sedge,6,0.0125
Gap,10,28,True,False,False,Prostrate or Mat-forming Forb/Herb,0,0.0125
Gap,10,28,True,False,False,Prostrate or Mat-forming Forb/Herb,3,0.0
Gap,10,28,True,False,False,Prostrate or Mat-forming Forb/Herb,6,0.0125
Gap,10,28,True,False,False,Small Non-tufted grass/sedge,0,0.0125
Gap,10,28,True,False,False,Small Non-tufted grass/sedge,3,0.0
Gap,10,28,True,False,False,Small Non-tufted grass/sedge,6,0.0
Gap,10,28,True,False,False,Small Tufted grass/sedge,0,0.5
Gap,10,28,True,False,False,Small Tufted grass/sedge,3,0.25
Gap,10,28,True,False,False,Small Tufted grass/sedge,6,0.0125
Gap,10,28,True,False,True,Large Forb/Herb,0,0.23809523809523808
Gap,10,28,True,False,True,Large Forb/Herb,3,0.35714285714285715
Gap,10,28,True,False,True,Large Forb/Herb,6,0.35714285714285715
Gap,10,28,True,False,True,Medium Forb/Herb,0,0.005952380952380952
Gap,10,28,True,False,True,Medium Forb/Herb,3,0.005952380952380952
Gap,10,28,True,False,True,Medium Forb/Herb,6,0.005952380952380952
Gap,10,28,True,False,True,Medium Non-tufted grass/sedge,0,0.005952380952380952
Gap,10,28,True,False,True,Medium Non-tufted grass/sedge,3,0.0
Gap,10,28,True,False,True,Medium Non-tufted grass/sedge,6,0.005952380952380952
Gap,10,28,True,False,True,Small Tufted grass/sedge,0,0.0
Gap,10,28,True,False,True,Small Tufted grass/sedge,3,0.0
Gap,10,28,True,False,True,Small Tufted grass/sedge,6,0.005952380952380952
Gap,10,28,True,False,True,Tufted Ground Fern,0,0.005952380952380952
Gap,10,28,True,False,True,Tufted Ground Fern,3,0.0
Gap,10,28,True,False,True,Tufted Ground Fern,6,0.005952380952380952
Gap,10,29,False,False,False,Large Forb/Herb,0,0.0625
Gap,10,29,False,False,False,Large Forb/Herb,3,0.125
Gap,10,29,False,False,False,Large Forb/Herb,6,0.125
Gap,10,29,False,False,False,Medium Forb/Herb,0,0.125
Gap,10,29,False,False,False,Medium Forb/Herb,3,0.125
Gap,10,29,False,False,False,Medium Forb/Herb,6,0.0
Gap,10,29,False,False,False,Prostrate or Mat-forming Forb/Herb,0,0.0625
Gap,10,29,False,False,False,Prostrate or Mat-forming Forb/Herb,3,0.125
Gap,10,29,False,False,False,Prostrate or Mat-forming Forb/Herb,6,0.0625
Gap,10,29,False,False,False,Small Tufted grass/sedge,0,0.125
Gap,10,29,False,False,False,Small Tufted grass/sedge,3,0.0625
Gap,10,29,False,False,False,Small Tufted grass/sedge,6,0.0
Gap,10,29,False,False,True,Medium Forb/Herb,0,0.0
Gap,10,29,False,False,True,Medium Forb/Herb,3,0.05263157894736842
Gap,10,29,False,False,True,Medium Forb/Herb,6,0.0
Gap,10,29,False,False,True,Medium Non-tufted grass/sedge,0,0.5263157894736842
Gap,10,29,False,False,True,Medium Non-tufted grass/sedge,3,0.10526315789473684
Gap,10,29,False,False,True,Medium Non-tufted grass/sedge,6,0.10526315789473684
Gap,10,29,False,False,True,Prostrate or Mat-forming Forb/Herb,0,0.10526315789473684
Gap,10,29,False,False,True,Prostrate or Mat-forming Forb/Herb,3,0.05263157894736842
Gap,10,29,False,False,True,Prostrate or Mat-forming Forb/Herb,6,0.0
Gap,10,29,False,False,True,Small Tufted grass/sedge,0,0.0
Gap,10,29,False,False,True,Small Tufted grass/sedge,3,0.0
Gap,10,29,False,False,True,Small Tufted grass/sedge,6,0.05263157894736842
Gap,10,30,True,True,False,Large Forb/Herb,0,0.0125
Gap,10,30,True,True,False,Large Forb/Herb,3,0.025
Gap,10,30,True,True,False,Large Forb/Herb,6,0.0125
Gap,10,30,True,True,False,Large Tufted grass/sedge,0,0.025
Gap,10,30,True,True,False,Large Tufted grass/sedge,3,0.5
Gap,10,30,True,True,False,Large Tufted grass/sedge,6,0.0125
Gap,10,30,True,True,False,Medium Forb/Herb,0,0.025
Gap,10,30,True,True,False,Medium Forb/Herb,3,0.0625
Gap,10,30,True,True,False,Medium Forb/Herb,6,0.0
Gap,10,30,True,True,False,Medium Tufted grass/sedge,0,0.0
Gap,10,30,True,True,False,Medium Tufted grass/sedge,3,0.0
Gap,10,30,True,True,False,Medium Tufted grass/sedge,6,0.25
Gap,10,30,True,True,False,Prostrate or Mat-forming Forb/Herb,0,0.0125
Gap,10,30,True,True,False,Prostrate or Mat-forming Forb/Herb,3,0.025
Gap,10,30,True,True,False,Prostrate or Mat-forming Forb/Herb,6,0.0125
Gap,10,30,True,True,False,Small Non-tufted grass/sedge,0,0.0125
Gap,10,30,True,True,False,Small Non-tufted grass/sedge,3,0.0
Gap,10,30,True,True,False,Small Non-tufted grass/sedge,6,0.0
Gap,10,30,True,True,False,Small Tufted grass/sedge,0,0.0125
Gap,10,30,True,True,False,Small Tufted grass/sedge,3,0.0
Gap,10,30,True,True,False,Small Tufted grass/sedge,6,0.0
Gap,10,30,True,True,True,Large Forb/Herb,0,0.06060606060606061
Gap,10,30,True,True,True,Large Forb/Herb,3,0.30303030303030304
Gap,10,30,True,True,True,Large Forb/Herb,6,0.6060606060606061
Gap,10,30,True,True,True,Large Shrub to Medium Tree,0,0.0
Gap,10,30,True,True,True,Large Shrub to Medium Tree,3,0.030303030303030304
Gap,10,30,True,True,True,Large Shrub to Medium Tree,6,0.0
Gap,10,31,False,True,False,Climber,0,0.0
Gap,10,31,False,True,False,Climber,3,0.015384615384615385
Gap,10,31,False,True,False,Climber,6,0.0
Gap,10,31,False,True,False,Large Forb/Herb,0,0.046153846153846156
Gap,10,31,False,True,False,Large Forb/Herb,3,0.06153846153846154
Gap,10,31,False,True,False,Large Forb/Herb,6,0.015384615384615385
Gap,10,31,False,True,False,Medium Forb/Herb,0,0.06153846153846154
Gap,10,31,False,True,False,Medium Forb/Herb,3,0.3230769230769231
Gap,10,31,False,True,False,Medium Forb/Herb,6,0.015384615384615385
Gap,10,31,False,True,False,Medium Tufted grass/sedge,0,0.0
Gap,10,31,False,True,False,Medium Tufted grass/sedge,3,0.0
Gap,10,31,False,True,False,Medium Tufted grass/sedge,6,0.015384615384615385
Gap,10,31,False,True,False,Prostrate or Mat-forming Forb/Herb,0,0.015384615384615385
Gap,10,31,False,True,False,Prostrate or Mat-forming Forb/Herb,3,0.015384615384615385
Gap,10,31,False,True,False,Prostrate or Mat-forming Forb/Herb,6,0.03076923076923077
Gap,10,31,False,True,False,Small Non-tufted grass/sedge,0,0.0
Gap,10,31,False,True,False,Small Non-tufted grass/sedge,3,0.015384615384615385
Gap,10,31,False,True,False,Small Non-tufted grass/sedge,6,0.0
Gap,10,31,False,True,False,Small Tufted grass/sedge,0,0.15384615384615385
Gap,10,31,False,True,False,Small Tufted grass/sedge,3,0.2
Gap,10,31,False,True,False,Small Tufted grass/sedge,6,0.015384615384615385
Gap,10,31,False,True,True,Large Forb/Herb,0,0.11299435028248588
Gap,10,31,False,True,True,Large Forb/Herb,3,0.3389830508474576
Gap,10,31,False,True,True,Large Forb/Herb,6,0.4519774011299435
Gap,10,31,False,True,True,Medium Forb/Herb,0,0.005649717514124294
Gap,10,31,False,True,True,Medium Forb/Herb,3,0.02824858757062147
Gap,10,31,False,True,True,Medium Forb/Herb,6,0.011299435028248588
Gap,10,31,False,True,True,Medium Non-tufted grass/sedge,0,0.011299435028248588
Gap,10,31,False,True,True,Medium Non-tufted grass/sedge,3,0.011299435028248588
Gap,10,31,False,True,True,Medium Non-tufted grass/sedge,6,0.005649717514124294
Gap,10,31,False,True,True,Small Tufted grass/sedge,0,0.0
Gap,10,31,False,True,True,Small Tufted grass/sedge,3,0.011299435028248588
Gap,10,31,False,True,True,Small Tufted grass/sedge,6,0.005649717514124294
Gap,10,31,False,True,True,Tufted Ground Fern,0,0.0
Gap,10,31,False,True,True,Tufted Ground Fern,3,0.0
Gap,10,31,False,True,True,Tufted Ground Fern,6,0.005649717514124294
Gap,10,32,True,True,False,Large Forb/Herb,0,0.011111111111111112
Gap,10,32,True,True,False,Large Forb/Herb,3,0.06666666666666667
Gap,10,32,True,True,False,Large Forb/Herb,6,0.044444444444444446
Gap,10,32,True,True,False,Medium Forb/Herb,0,0.03333333333333333
Gap,10,32,True,True,False,Medium Forb/Herb,3,0.011111111111111112
Gap,10,32,True,True,False,Medium Forb/Herb,6,0.03333333333333333
Gap,10,32,True,True,False,Medium Tufted grass/sedge,0,0.0
Gap,10,32,True,True,False,Medium Tufted grass/sedge,3,0.0
Gap,10,32,True,True,False,Medium Tufted grass/sedge,6,0.011111111111111112
Gap,10,32,True,True,False,Prostrate or Mat-forming Forb/Herb,0,0.0
Gap,10,32,True,True,False,Prostrate or Mat-forming Forb/Herb,3,0.022222222222222223
Gap,10,32,True,True,False,Prostrate or Mat-forming Forb/Herb,6,0.022222222222222223
Gap,10,32,True,True,False,Small Non-tufted grass/sedge,0,0.0
Gap,10,32,True,True,False,Small Non-tufted grass/sedge,3,0.011111111111111112
Gap,10,32,True,True,False,Small Non-tufted grass/sedge,6,0.022222222222222223
Gap,10,32,True,True,False,Small Tufted grass/sedge,0,0.2222222222222222
Gap,10,32,True,True,False,Small Tufted grass/sedge,3,0.45555555555555555
Gap,10,32,True,True,False,Small Tufted grass/sedge,6,0.03333333333333333
Gap,10,32,True,True,True,Large Forb/Herb,0,0.045454545454545456
Gap,10,32,True,True,True,Large Forb/Herb,3,0.045454545454545456
Gap,10,32,True,True,True,Large Forb/Herb,6,0.22727272727272727
Gap,10,32,True,True,True,Medium Forb/Herb,0,0.0
Gap,10,32,True,True,True,Medium Forb/Herb,3,0.0
Gap,10,32,True,True,True,Medium Forb/Herb,6,0.045454545454545456
Gap,10,32,True,True,True,Medium Non-tufted grass/sedge,0,0.045454545454545456
Gap,10,32,True,True,True,Medium Non-tufted grass/sedge,3,0.0
Gap,10,32,True,True,True,Medium Non-tufted grass/sedge,6,0.022727272727272728
Gap,10,32,True,True,True,Prostrate or Mat-forming Forb/Herb,0,0.022727272727272728
Gap,10,32,True,True,True,Prostrate or Mat-forming Forb/Herb,3,0.045454545454545456
Gap,10,32,True,True,True,Prostrate or Mat-forming Forb/Herb,6,0.0
Gap,10,32,True,True,True,Small Tufted grass/sedge,0,0.0
Gap,10,32,True,True,True,Small Tufted grass/sedge,3,0.0
Gap,10,32,True,True,True,Small Tufted grass/sedge,6,0.45454545454545453
Gap,10,32,True,True,True,Tufted Ground Fern,0,0.0
Gap,10,32,True,True,True,Tufted Ground Fern,3,0.0
Gap,10,32,True,True,True,Tufted Ground Fern,6,0.045454545454545456
Gap,12,1,False,False,False,Large Forb/Herb,0,0.05405405405405406
Gap,12,1,False,False,False,Large Forb/Herb,3,0.04054054054054054
Gap,12,1,False,False,False,Large Forb/Herb,6,0.0
Gap,12,1,False,False,False,Large Tufted grass/sedge,0,0.2702702702702703
Gap,12,1,False,False,False,Large Tufted grass/sedge,3,0.13513513513513514
Gap,12,1,False,False,False,Large Tufted grass/sedge,6,0.0
Gap,12,1,False,False,False,Medium Forb/Herb,0,0.06756756756756757
Gap,12,1,False,False,False,Medium Forb/Herb,3,0.0945945945945946
Gap,12,1,False,False,False,Medium Forb/Herb,6,0.06756756756756757
Gap,12,1,False,False,False,Medium Tufted grass/sedge,0,0.0
Gap,12,1,False,False,False,Medium Tufted grass/sedge,3,0.0
Gap,12,1,False,False,False,Medium Tufted grass/sedge,6,0.02702702702702703
Gap,12,1,False,False,False,Prostrate or Mat-forming Forb/Herb,0,0.14864864864864866
Gap,12,1,False,False,False,Prostrate or Mat-forming Forb/Herb,3,0.02702702702702703
Gap,12,1,False,False,False,Prostrate or Mat-forming Forb/Herb,6,0.013513513513513514
Gap,12,1,False,False,False,Small Non-tufted grass/sedge,0,0.0
Gap,12,1,False,False,False,Small Non-tufted grass/sedge,3,0.013513513513513514
Gap,12,1,False,False,False,Small Non-tufted grass/sedge,6,0.0
Gap,12,1,False,False,False,Small Tufted grass/sedge,0,0.013513513513513514
Gap,12,1,False,False,False,Small Tufted grass/sedge,3,0.02702702702702703
Gap,12,1,False,False,False,Small Tufted grass/sedge,6,0.0
Gap,12,1,False,False,True,Large Forb/Herb,0,0.25316455696202533
Gap,12,1,False,False,True,Large Forb/Herb,3,0.12658227848101267
Gap,12,1,False,False,True,Large Forb/Herb,6,0.25316455696202533
Gap,12,1,False,False,True,Medium Forb/Herb,0,0.12658227848101267
Gap,12,1,False,False,True,Medium Forb/Herb,3,0.0379746835443038
Gap,12,1,False,False,True,Medium Forb/Herb,6,0.012658227848101266
Gap,12,1,False,False,True,Medium Non-tufted grass/sedge,0,0.12658227848101267
Gap,12,1,False,False,True,Medium Non-tufted grass/sedge,3,0.0
Gap,12,1,False,False,True,Medium Non-tufted grass/sedge,6,0.02531645569620253
Gap,12,1,False,False,True,Small Tufted grass/sedge,0,0.0
Gap,12,1,False,False,True,Small Tufted grass/sedge,3,0.012658227848101266
Gap,12,1,False,False,True,Small Tufted grass/sedge,6,0.02531645569620253
Gap,12,2,True,True,False,Large Forb/Herb,0,0.24175824175824176
Gap,12,2,True,True,False,Large Forb/Herb,3,0.03296703296703297
Gap,12,2,True,True,False,Large Forb/Herb,6,0.02197802197802198
Gap,12,2,True,True,False,Large Tufted grass/sedge,0,0.0
Gap,12,2,True,True,False,Large Tufted grass/sedge,3,0.02197802197802198
Gap,12,2,True,True,False,Large Tufted grass/sedge,6,0.0
Gap,12,2,True,True,False,Medium Forb/Herb,0,0.08791208791208792
Gap,12,2,True,True,False,Medium Forb/Herb,3,0.07692307692307693
Gap,12,2,True,True,False,Medium Forb/Herb,6,0.01098901098901099
Gap,12,2,True,True,False,Medium Tufted grass/sedge,0,0.0
Gap,12,2,True,True,False,Medium Tufted grass/sedge,3,0.10989010989010989
Gap,12,2,True,True,False,Medium Tufted grass/sedge,6,0.10989010989010989
Gap,12,2,True,True,False,Prostrate or Mat-forming Forb/Herb,0,0.02197802197802198
Gap,12,2,True,True,False,Prostrate or Mat-forming Forb/Herb,3,0.0
Gap,12,2,True,True,False,Prostrate or Mat-forming Forb/Herb,6,0.03296703296703297
Gap,12,2,True,True,False,Small Tufted grass/sedge,0,0.21978021978021978
Gap,12,2,True,True,False,Small Tufted grass/sedge,3,0.01098901098901099
Gap,12,2,True,True,False,Small Tufted grass/sedge,6,0.0
Gap,12,2,True,True,True,Climber,0,0.0
Gap,12,2,True,True,True,Climber,3,0.00749063670411985
Gap,12,2,True,True,True,Climber,6,0.0
Gap,12,2,True,True,True,Large Forb/Herb,0,0.00749063670411985
Gap,12,2,True,True,True,Large Forb/Herb,3,0.37453183520599254
Gap,12,2,True,True,True,Large Forb/Herb,6,0.37453183520599254
Gap,12,2,True,True,True,Medium Forb/Herb,0,0.02247191011235955
Gap,12,2,True,True,True,Medium Forb/Herb,3,0.0
Gap,12,2,True,True,True,Medium Forb/Herb,6,0.00749063670411985
Gap,12,2,True,True,True,Medium Non-tufted grass/sedge,0,0.0749063670411985
Gap,12,2,True,True,True,Medium Non-tufted grass/sedge,3,0.03745318352059925
Gap,12,2,True,True,True,Medium Non-tufted grass/sedge,6,0.00749063670411985
Gap,12,2,True,True,True,Prostrate or Mat-forming Forb/Herb,0,0.0749063670411985
Gap,12,2,True,True,True,Prostrate or Mat-forming Forb/Herb,3,0.00749063670411985
Gap,12,2,True,True,True,Prostrate or Mat-forming Forb/Herb,6,0.003745318352059925
Gap,12,3,False,True,False,Large Forb/Herb,0,0.15853658536585366
Gap,12,3,False,True,False,Large Forb/Herb,3,0.06097560975609756
Gap,12,3,False,True,False,Large Forb/Herb,6,0.012195121951219513
Gap,12,3,False,True,False,Large Tufted grass/sedge,0,0.0
Gap,12,3,False,True,False,Large Tufted grass/sedge,3,0.024390243902439025
Gap,12,3,False,True,False,Large Tufted grass/sedge,6,0.012195121951219513
Gap,12,3,False,True,False,Medium Forb/Herb,0,0.15853658536585366
Gap,12,3,False,True,False,Medium Forb/Herb,3,0.2682926829268293
Gap,12,3,False,True,False,Medium Forb/Herb,6,0.012195121951219513
Gap,12,3,False,True,False,Medium Tufted grass/sedge,0,0.0
Gap,12,3,False,True,False,Medium Tufted grass/sedge,3,0.0
Gap,12,3,False,True,False,Medium Tufted grass/sedge,6,0.012195121951219513
Gap,12,3,False,True,False,Prostrate or Mat-forming Forb/Herb,0,0.04878048780487805
Gap,12,3,False,True,False,Prostrate or Mat-forming Forb/Herb,3,0.024390243902439025
Gap,12,3,False,True,False,Prostrate or Mat-forming Forb/Herb,6,0.012195121951219513
Gap,12,3,False,True,False,Small Non-tufted grass/sedge,0,0.0
Gap,12,3,False,True,False,Small Non-tufted grass/sedge,3,0.12195121951219512
Gap,12,3,False,True,False,Small Non-tufted grass/sedge,6,0.0
Gap,12,3,False,True,False,Small Tufted grass/sedge,0,0.012195121951219513
Gap,12,3,False,True,False,Small Tufted grass/sedge,3,0.024390243902439025
Gap,12,3,False,True,False,Small Tufted grass/sedge,6,0.012195121951219513
Gap,12,3,False,True,False,Tiny Tufted grass/sedge,0,0.0
Gap,12,3,False,True,False,Tiny Tufted grass/sedge,3,0.024390243902439025
Gap,12,3,False,True,False,Tiny Tufted grass/sedge,6,0.0
Gap,12,3,False,True,True,Large Forb/Herb,0,0.0196078431372549
Gap,12,3,False,True,True,Large Forb/Herb,3,0.0196078431372549
Gap,12,3,False,True,True,Large Forb/Herb,6,0.0392156862745098
Gap,12,3,False,True,True,Medium Forb/Herb,0,0.0
Gap,12,3,False,True,True,Medium Forb/Herb,3,0.0196078431372549
Gap,12,3,False,True,True,Medium Forb/Herb,6,0.0392156862745098
Gap,12,3,False,True,True,Medium Non-tufted grass/sedge,0,0.19607843137254902
Gap,12,3,False,True,True,Medium Non-tufted grass/sedge,3,0.39215686274509803
Gap,12,3,False,True,True,Medium Non-tufted grass/sedge,6,0.0392156862745098
Gap,12,3,False,True,True,Prostrate or Mat-forming Forb/Herb,0,0.0196078431372549
Gap,12,3,False,True,True,Prostrate or Mat-forming Forb/Herb,3,0.19607843137254902
Gap,12,3,False,True,True,Prostrate or Mat-forming Forb/Herb,6,0.0
Gap,12,3,False,True,True,Small Tufted grass/sedge,0,0.0
Gap,12,3,False,True,True,Small Tufted grass/sedge,3,0.0
Gap,12,3,False,True,True,Small Tufted grass/sedge,6,0.0196078431372549
Gap,12,4,True,True,False,Large Forb/Herb,0,0.038461538461538464
Gap,12,4,True,True,False,Large Forb/Herb,3,0.05128205128205128
Gap,12,4,True,True,False,Large Forb/Herb,6,0.02564102564102564
Gap,12,4,True,True,False,Large Tufted grass/sedge,0,0.01282051282051282
Gap,12,4,True,True,False,Large Tufted grass/sedge,3,0.02564102564102564
Gap,12,4,True,True,False,Large Tufted grass/sedge,6,0.0
Gap,12,4,True,True,False,Medium Forb/Herb,0,0.0641025641025641
Gap,12,4,True,True,False,Medium Forb/Herb,3,0.038461538461538464
Gap,12,4,True,True,False,Medium Forb/Herb,6,0.0
Gap,12,4,True,True,False,Medium Tufted grass/sedge,0,0.0
Gap,12,4,True,True,False,Medium Tufted grass/sedge,3,0.02564102564102564
Gap,12,4,True,True,False,Medium Tufted grass/sedge,6,0.16666666666666666
Gap,12,4,True,True,False,Prostrate or Mat-forming Forb/Herb,0,0.02564102564102564
Gap,12,4,True,True,False,Prostrate or Mat-forming Forb/Herb,3,0.01282051282051282
Gap,12,4,True,True,False,Prostrate or Mat-forming Forb/Herb,6,0.0
Gap,12,4,True,True,False,Small Tufted grass/sedge,0,0.5128205128205128
Gap,12,4,True,True,False,Small Tufted grass/sedge,3,0.0
Gap,12,4,True,True,False,Small Tufted grass/sedge,6,0.0
Gap,12,4,True,True,True,Climber,0,0.0
Gap,12,4,True,True,True,Climber,3,0.014388489208633094
Gap,12,4,True,True,True,Climber,6,0.0
Gap,12,4,True,True,True,Large Forb/Herb,0,0.14388489208633093
Gap,12,4,True,True,True,Large Forb/Herb,3,0.14388489208633093
Gap,12,4,True,True,True,Large Forb/Herb,6,0.28776978417266186
Gap,12,4,True,True,True,Medium Forb/Herb,0,0.02158273381294964
Gap,12,4,True,True,True,Medium Forb/Herb,3,0.014388489208633094
Gap,12,4,True,True,True,Medium Forb/Herb,6,0.02158273381294964
Gap,12,4,True,True,True,Medium Non-tufted grass/sedge,0,0.28776978417266186
Gap,12,4,True,True,True,Medium Non-tufted grass/sedge,3,0.014388489208633094
Gap,12,4,True,True,True,Medium Non-tufted grass/sedge,6,0.014388489208633094
Gap,12,4,True,True,True,Prostrate or Mat-forming Forb/Herb,0,0.0
Gap,12,4,True,True,True,Prostrate or Mat-forming Forb/Herb,3,0.014388489208633094
Gap,12,4,True,True,True,Prostrate or Mat-forming Forb/Herb,6,0.0
Gap,12,4,True,True,True,Small Tufted grass/sedge,0,0.007194244604316547
Gap,12,4,True,True,True,Small Tufted grass/sedge,3,0.007194244604316547
Gap,12,4,True,True,True,Small Tufted grass/sedge,6,0.007194244604316547
Gap,12,5,False,False,False,Large Forb/Herb,0,0.046511627906976744
Gap,12,5,False,False,False,Large Forb/Herb,3,0.16279069767441862
Gap,12,5,False,False,False,Large Forb/Herb,6,0.023255813953488372
Gap,12,5,False,False,False,Large Tufted grass/sedge,0,0.23255813953488372
Gap,12,5,False,False,False,Large Tufted grass/sedge,3,0.0
Gap,12,5,False,False,False,Large Tufted grass/sedge,6,0.0
Gap,12,5,False,False,False,Medium Forb/Herb,0,0.06976744186046512
Gap,12,5,False,False,False,Medium Forb/Herb,3,0.18604651162790697
Gap,12,5,False,False,False,Medium Forb/Herb,6,0.06976744186046512
Gap,12,5,False,False,False,Medium Tufted grass/sedge,0,0.0
Gap,12,5,False,False,False,Medium Tufted grass/sedge,3,0.023255813953488372
Gap,12,5,False,False,False,Medium Tufted grass/sedge,6,0.06976744186046512
Gap,12,5,False,False,False,Prostrate or Mat-forming Forb/Herb,0,0.0
Gap,12,5,False,False,False,Prostrate or Mat-forming Forb/Herb,3,0.0
Gap,12,5,False,False,False,Prostrate or Mat-forming Forb/Herb,6,0.023255813953488372
Gap,12,5,False,False,False,Small Tufted grass/sedge,0,0.046511627906976744
Gap,12,5,False,False,False,Small Tufted grass/sedge,3,0.023255813953488372
Gap,12,5,False,False,False,Small Tufted grass/sedge,6,0.023255813953488372
Gap,12,5,False,False,True,Large Shrub to Medium Tree,0,0.0
Gap,12,5,False,False,True,Large Shrub to Medium Tree,3,0.0
Gap,12,5,False,False,True,Large Shrub to Medium Tree,6,0.047619047619047616
Gap,12,5,False,False,True,Medium Forb/Herb,0,0.047619047619047616
Gap,12,5,False,False,True,Medium Forb/Herb,3,0.09523809523809523
Gap,12,5,False,False,True,Medium Forb/Herb,6,0.09523809523809523
Gap,12,5,False,False,True,Medium Non-tufted grass/sedge,0,0.47619047619047616
Gap,12,5,False,False,True,Medium Non-tufted grass/sedge,3,0.09523809523809523
Gap,12,5,False,False,True,Medium Non-tufted grass/sedge,6,0.0
Gap,12,5,False,False,True,Prostrate or Mat-forming Forb/Herb,0,0.0
Gap,12,5,False,False,True,Prostrate or Mat-forming Forb/Herb,3,0.09523809523809523
Gap,12,5,False,False,True,Prostrate or Mat-forming Forb/Herb,6,0.0
Gap,12,5,False,False,True,Small Tufted grass/sedge,0,0.0
Gap,12,5,False,False,True,Small Tufted grass/sedge,3,0.0
Gap,12,5,False,False,True,Small Tufted grass/sedge,6,0.047619047619047616
Gap,12,6,True,True,False,Large Forb/Herb,0,0.0196078431372549
Gap,12,6,True,True,False,Large Forb/Herb,3,0.11764705882352941
Gap,12,6,True,True,False,Large Forb/Herb,6,0.058823529411764705
Gap,12,6,True,True,False,Medium Forb/Herb,0,0.0196078431372549
Gap,12,6,True,True,False,Medium Forb/Herb,3,0.09803921568627451
Gap,12,6,True,True,False,Medium Forb/Herb,6,0.0392156862745098
Gap,12,6,True,True,False,Medium Tufted grass/sedge,0,0.0
Gap,12,6,True,True,False,Medium Tufted grass/sedge,3,0.0392156862745098
Gap,12,6,True,True,False,Medium Tufted grass/sedge,6,0.23529411764705882
Gap,12,6,True,True,False,Prostrate or Mat-forming Forb/Herb,0,0.058823529411764705
Gap,12,6,True,True,False,Prostrate or Mat-forming Forb/Herb,3,0.058823529411764705
Gap,12,6,True,True,False,Prostrate or Mat-forming Forb/Herb,6,0.0392156862745098
Gap,12,6,True,True,False,Small Non-tufted grass/sedge,0,0.0
Gap,12,6,True,True,False,Small Non-tufted grass/sedge,3,0.0392156862745098
Gap,12,6,True,True,False,Small Non-tufted grass/sedge,6,0.0
Gap,12,6,True,True,False,Small Tufted grass/sedge,0,0.058823529411764705
Gap,12,6,True,True,False,Small Tufted grass/sedge,3,0.058823529411764705
Gap,12,6,True,True,False,Small Tufted grass/sedge,6,0.058823529411764705
Gap,12,6,True,True,True,Large Forb/Herb,0,0.5
Gap,12,6,True,True,True,Large Forb/Herb,3,0.0125
Gap,12,6,True,True,True,Large Forb/Herb,6,0.125
Gap,12,6,True,True,True,Medium Forb/Herb,0,0.0125
Gap,12,6,True,True,True,Medium Forb/Herb,3,0.03125
Gap,12,6,True,True,True,Medium Forb/Herb,6,0.01875
Gap,12,6,True,True,True,Medium Non-tufted grass/sedge,0,0.00625
Gap,12,6,True,True,True,Medium Non-tufted grass/sedge,3,0.25
Gap,12,6,True,True,True,Medium Non-tufted grass/sedge,6,0.0125
Gap,12,6,True,True,True,Prostrate or Mat-forming Forb/Herb,0,0.00625
Gap,12,6,True,True,True,Prostrate or Mat-forming Forb/Herb,3,0.0125
Gap,12,6,True,True,True,Prostrate or Mat-forming Forb/Herb,6,0.00625
Gap,12,6,True,True,True,Small Tufted grass/sedge,0,0.0
Gap,12,6,True,True,True,Small Tufted grass/sedge,3,0.00625
Gap,12,6,True,True,True,Small Tufted grass/sedge,6,0.0
Gap,12,7,False,True,False,Large Forb/Herb,0,0.0125
Gap,12,7,False,True,False,Large Forb/Herb,3,0.05
Gap,12,7,False,True,False,Large Forb/Herb,6,0.0
Gap,12,7,False,True,False,Medium Forb/Herb,0,0.05
Gap,12,7,False,True,False,Medium Forb/Herb,3,0.125
Gap,12,7,False,True,False,Medium Forb/Herb,6,0.1625
Gap,12,7,False,True,False,Medium Tufted grass/sedge,0,0.0
Gap,12,7,False,True,False,Medium Tufted grass/sedge,3,0.025
Gap,12,7,False,True,False,Medium Tufted grass/sedge,6,0.0
Gap,12,7,False,True,False,Prostrate or Mat-forming Forb/Herb,0,0.0375
Gap,12,7,False,True,False,Prostrate or Mat-forming Forb/Herb,3,0.0125
Gap,12,7,False,True,False,Prostrate or Mat-forming Forb/Herb,6,0.0125
Gap,12,7,False,True,False,Small Tufted grass/sedge,0,0.5
Gap,12,7,False,True,False,Small Tufted grass/sedge,3,0.0125
Gap,12,7,False,True,False,Small Tufted grass/sedge,6,0.0
Gap,12,7,False,True,True,Climber,0,0.0
Gap,12,7,False,True,True,Climber,3,0.0
Gap,12,7,False,True,True,Climber,6,0.008695652173913044
Gap,12,7,False,True,True,Large Forb/Herb,0,0.0
Gap,12,7,False,True,True,Large Forb/Herb,3,0.0
Gap,12,7,False,True,True,Large Forb/Herb,6,0.008695652173913044
Gap,12,7,False,True,True,Medium Forb/Herb,0,0.017391304347826087
Gap,12,7,False,True,True,Medium Forb/Herb,3,0.017391304347826087
Gap,12,7,False,True,True,Medium Forb/Herb,6,0.008695652173913044
Gap,12,7,False,True,True,Medium Non-tufted grass/sedge,0,0.34782608695652173
Gap,12,7,False,True,True,Medium Non-tufted grass/sedge,3,0.017391304347826087
Gap,12,7,False,True,True,Medium Non-tufted grass/sedge,6,0.017391304347826087
Gap,12,7,False,True,True,Prostrate or Mat-forming Forb/Herb,0,0.008695652173913044
Gap,12,7,False,True,True,Prostrate or Mat-forming Forb/Herb,3,0.008695652173913044
Gap,12,7,False,True,True,Prostrate or Mat-forming Forb/Herb,6,0.008695652173913044
Gap,12,7,False,True,True,Small Tufted grass/sedge,0,0.0
Gap,12,7,False,True,True,Small Tufted grass/sedge,3,0.0
Gap,12,7,False,True,True,Small Tufted grass/sedge,6,0.5304347826086957
Gap,12,8,True,False,False,Large Forb/Herb,0,0.0967741935483871
Gap,12,8,True,False,False,Large Forb/Herb,3,0.0967741935483871
Gap,12,8,True,False,False,Large Forb/Herb,6,0.0
Gap,12,8,True,False,False,Large Tufted grass/sedge,0,0.03225806451612903
Gap,12,8,True,False,False,Large Tufted grass/sedge,3,0.03225806451612903
Gap,12,8,True,False,False,Large Tufted grass/sedge,6,0.0
Gap,12,8,True,False,False,Medium Forb/Herb,0,0.12903225806451613
Gap,12,8,True,False,False,Medium Forb/Herb,3,0.1935483870967742
Gap,12,8,True,False,False,Medium Forb/Herb,6,0.03225806451612903
Gap,12,8,True,False,False,Medium Tufted grass/sedge,0,0.0
Gap,12,8,True,False,False,Medium Tufted grass/sedge,3,0.0
Gap,12,8,True,False,False,Medium Tufted grass/sedge,6,0.0967741935483871
Gap,12,8,True,False,False,Prostrate or Mat-forming Forb/Herb,0,0.06451612903225806
Gap,12,8,True,False,False,Prostrate or Mat-forming Forb/Herb,3,0.0
Gap,12,8,True,False,False,Prostrate or Mat-forming Forb/Herb,6,0.0
Gap,12,8,True,False,False,Small Tufted grass/sedge,0,0.03225806451612903
Gap,12,8,True,False,False,Small Tufted grass/sedge,3,0.12903225806451613
Gap,12,8,True,False,False,Small Tufted grass/sedge,6,0.06451612903225806
Gap,12,8,True,False,True,Medium Forb/Herb,0,0.014388489208633094
Gap,12,8,True,False,True,Medium Forb/Herb,3,0.014388489208633094
Gap,12,8,True,False,True,Medium Forb/Herb,6,0.014388489208633094
Gap,12,8,True,False,True,Medium Non-tufted grass/sedge,0,0.5755395683453237
Gap,12,8,True,False,True,Medium Non-tufted grass/sedge,3,0.07194244604316546
Gap,12,8,True,False,True,Medium Non-tufted grass/sedge,6,0.07194244604316546
Gap,12,8,True,False,True,Prostrate or Mat-forming Forb/Herb,0,0.07194244604316546
Gap,12,8,True,False,True,Prostrate or Mat-forming Forb/Herb,3,0.14388489208633093
Gap,12,8,True,False,True,Prostrate or Mat-forming Forb/Herb,6,0.007194244604316547
Gap,12,8,True,False,True,Small Tufted grass/sedge,0,0.0
Gap,12,8,True,False,True,Small Tufted grass/sedge,3,0.0
Gap,12,8,True,False,True,Small Tufted grass/sedge,6,0.014388489208633094
Gap,12,9,False,True,False,Large Forb/Herb,0,0.04878048780487805
Gap,12,9,False,True,False,Large Forb/Herb,3,0.12195121951219512
Gap,12,9,False,True,False,Large Forb/Herb,6,0.0
Gap,12,9,False,True,False,Large Tufted grass/sedge,0,0.04878048780487805
Gap,12,9,False,True,False,Large Tufted grass/sedge,3,0.04878048780487805
Gap,12,9,False,True,False,Large Tufted grass/sedge,6,0.0
Gap,12,9,False,True,False,Medium Forb/Herb,0,0.04878048780487805
Gap,12,9,False,True,False,Medium Forb/Herb,3,0.24390243902439024
Gap,12,9,False,True,False,Medium Forb/Herb,6,0.14634146341463414
Gap,12,9,False,True,False,Medium Tufted grass/sedge,0,0.0
Gap,12,9,False,True,False,Medium Tufted grass/sedge,3,0.024390243902439025
Gap,12,9,False,True,False,Medium Tufted grass/sedge,6,0.04878048780487805
Gap,12,9,False,True,False,Prostrate or Mat-forming Forb/Herb,0,0.0
Gap,12,9,False,True,False,Prostrate or Mat-forming Forb/Herb,3,0.024390243902439025
Gap,12,9,False,True,False,Prostrate or Mat-forming Forb/Herb,6,0.04878048780487805
Gap,12,9,False,True,False,Small Forb/Herb,0,0.0
Gap,12,9,False,True,False,Small Forb/Herb,3,0.024390243902439025
Gap,12,9,False,True,False,Small Forb/Herb,6,0.0
Gap,12,9,False,True,False,Small Tufted grass/sedge,0,0.04878048780487805
Gap,12,9,False,True,False,Small Tufted grass/sedge,3,0.07317073170731707
Gap,12,9,False,True,False,Small Tufted grass/sedge,6,0.0
Gap,12,9,False,True,True,Large Forb/Herb,0,0.0
Gap,12,9,False,True,True,Large Forb/Herb,3,0.0
Gap,12,9,False,True,True,Large Forb/Herb,6,0.023255813953488372
Gap,12,9,False,True,True,Medium Forb/Herb,0,0.0
Gap,12,9,False,True,True,Medium Forb/Herb,3,0.06976744186046512
Gap,12,9,False,True,True,Medium Forb/Herb,6,0.023255813953488372
Gap,12,9,False,True,True,Medium Non-tufted grass/sedge,0,0.046511627906976744
Gap,12,9,False,True,True,Medium Non-tufted grass/sedge,3,0.23255813953488372
Gap,12,9,False,True,True,Medium Non-tufted grass/sedge,6,0.023255813953488372
Gap,12,9,False,True,True,Prostrate or Mat-forming Forb/Herb,0,0.46511627906976744
Gap,12,9,False,True,True,Prostrate or Mat-forming Forb/Herb,3,0.023255813953488372
Gap,12,9,False,True,True,Prostrate or Mat-forming Forb/Herb,6,0.023255813953488372
Gap,12,9,False,True,True,Small Tufted grass/sedge,0,0.023255813953488372
Gap,12,9,False,True,True,Small Tufted grass/sedge,3,0.0
Gap,12,9,False,True,True,Small Tufted grass/sedge,6,0.046511627906976744
Gap,12,10,True,True,False,Large Forb/Herb,0,0.06976744186046512
Gap,12,10,True,True,False,Large Forb/Herb,3,0.09302325581395349
Gap,12,10,True,True,False,Large Forb/Herb,6,0.023255813953488372
Gap,12,10,True,True,False,Medium Forb/Herb,0,0.046511627906976744
Gap,12,10,True,True,False,Medium Forb/Herb,3,0.11627906976744186
Gap,12,10,True,True,False,Medium Forb/Herb,6,0.09302325581395349
Gap,12,10,True,True,False,Medium Tufted grass/sedge,0,0.0
Gap,12,10,True,True,False,Medium Tufted grass/sedge,3,0.23255813953488372
Gap,12,10,True,True,False,Medium Tufted grass/sedge,6,0.09302325581395349
Gap,12,10,True,True,False,Prostrate or Mat-forming Forb/Herb,0,0.046511627906976744
Gap,12,10,True,True,False,Prostrate or Mat-forming Forb/Herb,3,0.0
Gap,12,10,True,True,False,Prostrate or Mat-forming Forb/Herb,6,0.023255813953488372
Gap,12,10,True,True,False,Small Tufted grass/sedge,0,0.046511627906976744
Gap,12,10,True,True,False,Small Tufted grass/sedge,3,0.046511627906976744
Gap,12,10,True,True,False,Small Tufted grass/sedge,6,0.06976744186046512
Gap,12,10,True,True,True,Large Forb/Herb,0,0.05
Gap,12,10,True,True,True,Large Forb/Herb,3,0.1
Gap,12,10,True,True,True,Large Forb/Herb,6,0.1
Gap,12,10,True,True,True,Medium Forb/Herb,0,0.05
Gap,12,10,True,True,True,Medium Forb/Herb,3,0.1
Gap,12,10,True,True,True,Medium Forb/Herb,6,0.1
Gap,12,10,True,True,True,Medium Non-tufted grass/sedge,0,0.05
Gap,12,10,True,True,True,Medium Non-tufted grass/sedge,3,0.0
Gap,12,10,True,True,True,Medium Non-tufted grass/sedge,6,0.1
Gap,12,10,True,True,True,Prostrate or Mat-forming Forb/Herb,0,0.0
Gap,12,10,True,True,True,Prostrate or Mat-forming Forb/Herb,3,0.05
Gap,12,10,True,True,True,Prostrate or Mat-forming Forb/Herb,6,0.05
Gap,12,10,True,True,True,Small Tufted grass/sedge,0,0.05
Gap,12,10,True,True,True,Small Tufted grass/sedge,3,0.1
Gap,12,10,True,True,True,Small Tufted grass/sedge,6,0.1
Gap,12,11,False,True,False,Large Forb/Herb,0,0.05555555555555555
Gap,12,11,False,True,False,Large Forb/Herb,3,0.16666666666666666
Gap,12,11,False,True,False,Large Forb/Herb,6,0.0
Gap,12,11,False,True,False,Medium Forb/Herb,0,0.16666666666666666
Gap,12,11,False,True,False,Medium Forb/Herb,3,0.1111111111111111
Gap,12,11,False,True,False,Medium Forb/Herb,6,0.05555555555555555
Gap,12,11,False,True,False,Medium Tufted grass/sedge,0,0.0
Gap,12,11,False,True,False,Medium Tufted grass/sedge,3,0.05555555555555555
Gap,12,11,False,True,False,Medium Tufted grass/sedge,6,0.0
Gap,12,11,False,True,False,Prostrate or Mat-forming Forb/Herb,0,0.05555555555555555
Gap,12,11,False,True,False,Prostrate or Mat-forming Forb/Herb,3,0.05555555555555555
Gap,12,11,False,True,False,Prostrate or Mat-forming Forb/Herb,6,0.1111111111111111
Gap,12,11,False,True,False,Small Non-tufted grass/sedge,0,0.0
Gap,12,11,False,True,False,Small Non-tufted grass/sedge,3,0.1111111111111111
Gap,12,11,False,True,False,Small Non-tufted grass/sedge,6,0.0
Gap,12,11,False,True,False,Small Tufted grass/sedge,0,0.0
Gap,12,11,False,True,False,Small Tufted grass/sedge,3,0.05555555555555555
Gap,12,11,False,True,False,Small Tufted grass/sedge,6,0.0
Gap,12,11,False,True,True,Medium Forb/Herb,0,0.125
Gap,12,11,False,True,True,Medium Forb/Herb,3,0.25
Gap,12,11,False,True,True,Medium Forb/Herb,6,0.0
Gap,12,11,False,True,True,Medium Non-tufted grass/sedge,0,0.125
Gap,12,11,False,True,True,Medium Non-tufted grass/sedge,3,0.25
Gap,12,11,False,True,True,Medium Non-tufted grass/sedge,6,0.125
Gap,12,11,False,True,True,Small Tufted grass/sedge,0,0.0
Gap,12,11,False,True,True,Small Tufted grass/sedge,3,0.0
Gap,12,11,False,True,True,Small Tufted grass/sedge,6,0.125
Gap,12,12,True,True,False,Large Forb/Herb,0,0.04878048780487805
Gap,12,12,True,True,False,Large Forb/Herb,3,0.17073170731707318
Gap,12,12,True,True,False,Large Forb/Herb,6,0.036585365853658534
Gap,12,12,True,True,False,Large Tufted grass/sedge,0,0.0
Gap,12,12,True,True,False,Large Tufted grass/sedge,3,0.012195121951219513
Gap,12,12,True,True,False,Large Tufted grass/sedge,6,0.0
Gap,12,12,True,True,False,Medium Forb/Herb,0,0.06097560975609756
Gap,12,12,True,True,False,Medium Forb/Herb,3,0.06097560975609756
Gap,12,12,True,True,False,Medium Forb/Herb,6,0.012195121951219513
Gap,12,12,True,True,False,Medium Tufted grass/sedge,0,0.0
Gap,12,12,True,True,False,Medium Tufted grass/sedge,3,0.0
Gap,12,12,True,True,False,Medium Tufted grass/sedge,6,0.5121951219512195
Gap,12,12,True,True,False,Prostrate or Mat-forming Forb/Herb,0,0.024390243902439025
Gap,12,12,True,True,False,Prostrate or Mat-forming Forb/Herb,3,0.036585365853658534
Gap,12,12,True,True,False,Prostrate or Mat-forming Forb/Herb,6,0.012195121951219513
Gap,12,12,True,True,False,Small Tufted grass/sedge,0,0.012195121951219513
Gap,12,12,True,True,False,Small Tufted grass/sedge,3,0.0
Gap,12,12,True,True,False,Small Tufted grass/sedge,6,0.0
Gap,12,12,True,True,True,Climber,0,0.0
Gap,12,12,True,True,True,Climber,3,0.02
Gap,12,12,True,True,True,Climber,6,0.0
Gap,12,12,True,True,True,Medium Forb/Herb,0,0.02
Gap,12,12,True,True,True,Medium Forb/Herb,3,0.0
Gap,12,12,True,True,True,Medium Forb/Herb,6,0.02
Gap,12,12,True,True,True,Medium Non-tufted grass/sedge,0,0.2
Gap,12,12,True,True,True,Medium Non-tufted grass/sedge,3,0.4
Gap,12,12,True,True,True,Medium Non-tufted grass/sedge,6,0.2
Gap,12,12,True,True,True,Prostrate or Mat-forming Forb/Herb,0,0.04
Gap,12,12,True,True,True,Prostrate or Mat-forming Forb/Herb,3,0.04
Gap,12,12,True,True,True,Prostrate or Mat-forming Forb/Herb,6,0.02
Gap,12,12,True,True,True,Small Tufted grass/sedge,0,0.0
Gap,12,12,True,True,True,Small Tufted grass/sedge,3,0.04
Gap,12,12,True,True,True,Small Tufted grass/sedge,6,0.0
Gap,12,13,False,False,False,Large Forb/Herb,0,0.07692307692307693
Gap,12,13,False,False,False,Large Forb/Herb,3,0.15384615384615385
Gap,12,13,False,False,False,Large Forb/Herb,6,0.038461538461538464
Gap,12,13,False,False,False,Large Tufted grass/sedge,0,0.038461538461538464
Gap,12,13,False,False,False,Large Tufted grass/sedge,3,0.038461538461538464
Gap,12,13,False,False,False,Large Tufted grass/sedge,6,0.0
Gap,12,13,False,False,False,Medium Forb/Herb,0,0.23076923076923078
Gap,12,13,False,False,False,Medium Forb/Herb,3,0.23076923076923078
Gap,12,13,False,False,False,Medium Forb/Herb,6,0.07692307692307693
Gap,12,13,False,False,False,Medium Tufted grass/sedge,0,0.0
Gap,12,13,False,False,False,Medium Tufted grass/sedge,3,0.038461538461538464
Gap,12,13,False,False,False,Medium Tufted grass/sedge,6,0.0
Gap,12,13,False,False,False,Prostrate or Mat-forming Forb/Herb,0,0.038461538461538464
Gap,12,13,False,False,False,Prostrate or Mat-forming Forb/Herb,3,0.0
Gap,12,13,False,False,False,Prostrate or Mat-forming Forb/Herb,6,0.0
Gap,12,13,False,False,False,Small Tufted grass/sedge,0,0.038461538461538464
Gap,12,13,False,False,False,Small Tufted grass/sedge,3,0.0
Gap,12,13,False,False,False,Small Tufted grass/sedge,6,0.0
Gap,12,13,False,False,True,Medium Forb/Herb,0,0.04
Gap,12,13,False,False,True,Medium Forb/Herb,3,0.08
Gap,12,13,False,False,True,Medium Forb/Herb,6,0.08
Gap,12,13,False,False,True,Medium Non-tufted grass/sedge,0,0.4
Gap,12,13,False,False,True,Medium Non-tufted grass/sedge,3,0.08
Gap,12,13,False,False,True,Medium Non-tufted grass/sedge,6,0.08
Gap,12,13,False,False,True,Prostrate or Mat-forming Forb/Herb,0,0.08
Gap,12,13,False,False,True,Prostrate or Mat-forming Forb/Herb,3,0.08
Gap,12,13,False,False,True,Prostrate or Mat-forming Forb/Herb,6,0.04
Gap,12,13,False,False,True,Small Tufted grass/sedge,0,0.0
Gap,12,13,False,False,True,Small Tufted grass/sedge,3,0.0
Gap,12,13,False,False,True,Small Tufted grass/sedge,6,0.04
Gap,12,14,True,True,False,Large Forb/Herb,0,0.016666666666666666
Gap,12,14,True,True,False,Large Forb/Herb,3,0.08333333333333333
Gap,12,14,True,True,False,Large Forb/Herb,6,0.0
Gap,12,14,True,True,False,Medium Forb/Herb,0,0.03333333333333333
Gap,12,14,True,True,False,Medium Forb/Herb,3,0.06666666666666667
Gap,12,14,True,True,False,Medium Forb/Herb,6,0.016666666666666666
Gap,12,14,True,True,False,Medium Tufted grass/sedge,0,0.0
Gap,12,14,True,True,False,Medium Tufted grass/sedge,3,0.3333333333333333
Gap,12,14,True,True,False,Medium Tufted grass/sedge,6,0.03333333333333333
Gap,12,14,True,True,False,Prostrate or Mat-forming Forb/Herb,0,0.03333333333333333
Gap,12,14,True,True,False,Prostrate or Mat-forming Forb/Herb,3,0.03333333333333333
Gap,12,14,True,True,False,Prostrate or Mat-forming Forb/Herb,6,0.016666666666666666
Gap,12,14,True,True,False,Small Tufted grass/sedge,0,0.3333333333333333
Gap,12,14,True,True,False,Small Tufted grass/sedge,3,0.0
Gap,12,14,True,True,False,Small Tufted grass/sedge,6,0.0
Gap,12,14,True,True,True,Medium Forb/Herb,0,0.0
Gap,12,14,True,True,True,Medium Forb/Herb,3,0.009615384615384616
Gap,12,14,True,True,True,Medium Forb/Herb,6,0.009615384615384616
Gap,12,14,True,True,True,Medium Non-tufted grass/sedge,0,0.09615384615384616
Gap,12,14,True,True,True,Medium Non-tufted grass/sedge,3,0.7692307692307693
Gap,12,14,True,True,True,Medium Non-tufted grass/sedge,6,0.09615384615384616
Gap,12,14,True,True,True,Prostrate or Mat-forming Forb/Herb,0,0.019230769230769232
Gap,12,14,True,True,True,Prostrate or Mat-forming Forb/Herb,3,0.0
Gap,12,14,True,True,True,Prostrate or Mat-forming Forb/Herb,6,0.0
Gap,12,15,False,False,False,Large Forb/Herb,0,0.05714285714285714
Gap,12,15,False,False,False,Large Forb/Herb,3,0.14285714285714285
Gap,12,15,False,False,False,Large Forb/Herb,6,0.02857142857142857
Gap,12,15,False,False,False,Large Tufted grass/sedge,0,0.02857142857142857
Gap,12,15,False,False,False,Large Tufted grass/sedge,3,0.05714285714285714
Gap,12,15,False,False,False,Large Tufted grass/sedge,6,0.0
Gap,12,15,False,False,False,Medium Forb/Herb,0,0.11428571428571428
Gap,12,15,False,False,False,Medium Forb/Herb,3,0.2
Gap,12,15,False,False,False,Medium Forb/Herb,6,0.08571428571428572
Gap,12,15,False,False,False,Medium Tufted grass/sedge,0,0.0
Gap,12,15,False,False,False,Medium Tufted grass/sedge,3,0.0
Gap,12,15,False,False,False,Medium Tufted grass/sedge,6,0.02857142857142857
Gap,12,15,False,False,False,Prostrate or Mat-forming Forb/Herb,0,0.05714285714285714
Gap,12,15,False,False,False,Prostrate or Mat-forming Forb/Herb,3,0.0
Gap,12,15,False,False,False,Prostrate or Mat-forming Forb/Herb,6,0.02857142857142857
Gap,12,15,False,False,False,Small Tufted grass/sedge,0,0.05714285714285714
Gap,12,15,False,False,False,Small Tufted grass/sedge,3,0.08571428571428572
Gap,12,15,False,False,False,Small Tufted grass/sedge,6,0.02857142857142857
Gap,12,15,False,False,True,Large Shrub to Medium Tree,0,0.024390243902439025
Gap,12,15,False,False,True,Large Shrub to Medium Tree,3,0.0
Gap,12,15,False,False,True,Large Shrub to Medium Tree,6,0.0
Gap,12,15,False,False,True,Medium Forb/Herb,0,0.024390243902439025
Gap,12,15,False,False,True,Medium Forb/Herb,3,0.04878048780487805
Gap,12,15,False,False,True,Medium Forb/Herb,6,0.024390243902439025
Gap,12,15,False,False,True,Medium Non-tufted grass/sedge,0,0.4878048780487805
Gap,12,15,False,False,True,Medium Non-tufted grass/sedge,3,0.04878048780487805
Gap,12,15,False,False,True,Medium Non-tufted grass/sedge,6,0.04878048780487805
Gap,12,15,False,False,True,Prostrate or Mat-forming Forb/Herb,0,0.0
Gap,12,15,False,False,True,Prostrate or Mat-forming Forb/Herb,3,0.04878048780487805
Gap,12,15,False,False,True,Prostrate or Mat-forming Forb/Herb,6,0.0
Gap,12,15,False,False,True,Small Tufted grass/sedge,0,0.0
Gap,12,15,False,False,True,Small Tufted grass/sedge,3,0.0
Gap,12,15,False,False,True,Small Tufted grass/sedge,6,0.24390243902439024
Gap,12,16,True,True,False,Large Forb/Herb,0,0.025974025974025976
Gap,12,16,True,True,False,Large Forb/Herb,3,0.05194805194805195
Gap,12,16,True,True,False,Large Forb/Herb,6,0.0
Gap,12,16,True,True,False,Medium Forb/Herb,0,0.18181818181818182
Gap,12,16,True,True,False,Medium Forb/Herb,3,0.1038961038961039
Gap,12,16,True,True,False,Medium Forb/Herb,6,0.2727272727272727
Gap,12,16,True,True,False,Medium Tufted grass/sedge,0,0.025974025974025976
Gap,12,16,True,True,False,Medium Tufted grass/sedge,3,0.0
Gap,12,16,True,True,False,Medium Tufted grass/sedge,6,0.025974025974025976
Gap,12,16,True,True,False,Prostrate or Mat-forming Forb/Herb,0,0.025974025974025976
Gap,12,16,True,True,False,Prostrate or Mat-forming Forb/Herb,3,0.0
Gap,12,16,True,True,False,Prostrate or Mat-forming Forb/Herb,6,0.0
Gap,12,16,True,True,False,Small Tufted grass/sedge,0,0.2597402597402597
Gap,12,16,True,True,False,Small Tufted grass/sedge,3,0.025974025974025976
Gap,12,16,True,True,False,Small Tufted grass/sedge,6,0.0
Gap,12,16,True,True,True,Large Forb/Herb,0,0.05128205128205128
Gap,12,16,True,True,True,Large Forb/Herb,3,0.2564102564102564
Gap,12,16,True,True,True,Large Forb/Herb,6,0.2564102564102564
Gap,12,16,True,True,True,Medium Forb/Herb,0,0.02564102564102564
Gap,12,16,True,True,True,Medium Forb/Herb,3,0.02564102564102564
Gap,12,16,True,True,True,Medium Forb/Herb,6,0.0
Gap,12,16,True,True,True,Medium Non-tufted grass/sedge,0,0.0
Gap,12,16,True,True,True,Medium Non-tufted grass/sedge,3,0.05128205128205128
Gap,12,16,True,True,True,Medium Non-tufted grass/sedge,6,0.0
Gap,12,16,True,True,True,Prostrate or Mat-forming Forb/Herb,0,0.05128205128205128
Gap,12,16,True,True,True,Prostrate or Mat-forming Forb/Herb,3,0.2564102564102564
Gap,12,16,True,True,True,Prostrate or Mat-forming Forb/Herb,6,0.0
Gap,12,16,True,True,True,Small Tufted grass/sedge,0,0.0
Gap,12,16,True,True,True,Small Tufted grass/sedge,3,0.02564102564102564
Gap,12,16,True,True,True,Small Tufted grass/sedge,6,0.0
Gap,12,17,False,True,False,Large Forb/Herb,0,0.0967741935483871
Gap,12,17,False,True,False,Large Forb/Herb,3,0.03225806451612903
Gap,12,17,False,True,False,Large Forb/Herb,6,0.0967741935483871
Gap,12,17,False,True,False,Large Tufted grass/sedge,0,0.03225806451612903
Gap,12,17,False,True,False,Large Tufted grass/sedge,3,0.06451612903225806
Gap,12,17,False,True,False,Large Tufted grass/sedge,6,0.0
Gap,12,17,False,True,False,Medium Forb/Herb,0,0.0967741935483871
Gap,12,17,False,True,False,Medium Forb/Herb,3,0.16129032258064516
Gap,12,17,False,True,False,Medium Forb/Herb,6,0.1935483870967742
Gap,12,17,False,True,False,Prostrate or Mat-forming Forb/Herb,0,0.06451612903225806
Gap,12,17,False,True,False,Prostrate or Mat-forming Forb/Herb,3,0.0
Gap,12,17,False,True,False,Prostrate or Mat-forming Forb/Herb,6,0.0967741935483871
Gap,12,17,False,True,False,Small Tufted grass/sedge,0,0.06451612903225806
Gap,12,17,False,True,False,Small Tufted grass/sedge,3,0.0
Gap,12,17,False,True,False,Small Tufted grass/sedge,6,0.0
Gap,12,17,False,True,True,Climber,0,0.0
Gap,12,17,False,True,True,Climber,3,0.0028653295128939827
Gap,12,17,False,True,True,Climber,6,0.0
Gap,12,17,False,True,True,Large Forb/Herb,0,0.0057306590257879654
Gap,12,17,False,True,True,Large Forb/Herb,3,0.05730659025787966
Gap,12,17,False,True,True,Large Forb/Herb,6,0.0
Gap,12,17,False,True,True,Large Shrub to Medium Tree,0,0.0028653295128939827
Gap,12,17,False,True,True,Large Shrub to Medium Tree,3,0.0
Gap,12,17,False,True,True,Large Shrub to Medium Tree,6,0.0
Gap,12,17,False,True,True,Medium Forb/Herb,0,0.0028653295128939827
Gap,12,17,False,True,True,Medium Forb/Herb,3,0.008595988538681949
Gap,12,17,False,True,True,Medium Forb/Herb,6,0.014326647564469915
Gap,12,17,False,True,True,Medium Non-tufted grass/sedge,0,0.0057306590257879654
Gap,12,17,False,True,True,Medium Non-tufted grass/sedge,3,0.17191977077363896
Gap,12,17,False,True,True,Medium Non-tufted grass/sedge,6,0.6876790830945558
Gap,12,17,False,True,True,Prostrate or Mat-forming Forb/Herb,0,0.02865329512893983
Gap,12,17,False,True,True,Prostrate or Mat-forming Forb/Herb,3,0.0057306590257879654
Gap,12,17,False,True,True,Prostrate or Mat-forming Forb/Herb,6,0.0
Gap,12,17,False,True,True,Tufted Ground Fern,0,0.0
Gap,12,17,False,True,True,Tufted Ground Fern,3,0.0
Gap,12,17,False,True,True,Tufted Ground Fern,6,0.0057306590257879654
Gap,12,18,True,True,False,Large Forb/Herb,0,0.03636363636363636
Gap,12,18,True,True,False,Large Forb/Herb,3,0.05454545454545454
Gap,12,18,True,True,False,Large Forb/Herb,6,0.0
Gap,12,18,True,True,False,Medium Forb/Herb,0,0.05454545454545454
Gap,12,18,True,True,False,Medium Forb/Herb,3,0.14545454545454545
Gap,12,18,True,True,False,Medium Forb/Herb,6,0.03636363636363636
Gap,12,18,True,True,False,Medium Tufted grass/sedge,0,0.01818181818181818
Gap,12,18,True,True,False,Medium Tufted grass/sedge,3,0.36363636363636365
Gap,12,18,True,True,False,Medium Tufted grass/sedge,6,0.21818181818181817
Gap,12,18,True,True,False,Prostrate or Mat-forming Forb/Herb,0,0.01818181818181818
Gap,12,18,True,True,False,Prostrate or Mat-forming Forb/Herb,3,0.01818181818181818
Gap,12,18,True,True,False,Prostrate or Mat-forming Forb/Herb,6,0.01818181818181818
Gap,12,18,True,True,False,Small Tufted grass/sedge,0,0.01818181818181818
Gap,12,18,True,True,False,Small Tufted grass/sedge,3,0.0
Gap,12,18,True,True,False,Small Tufted grass/sedge,6,0.0
Gap,12,18,True,True,True,Large Forb/Herb,0,0.013605442176870748
Gap,12,18,True,True,True,Large Forb/Herb,3,0.1360544217687075
Gap,12,18,True,True,True,Large Forb/Herb,6,0.6802721088435374
Gap,12,18,True,True,True,Large Shrub to Medium Tree,0,0.006802721088435374
Gap,12,18,True,True,True,Large Shrub to Medium Tree,3,0.0
Gap,12,18,True,True,True,Large Shrub to Medium Tree,6,0.0
Gap,12,18,True,True,True,Medium Forb/Herb,0,0.006802721088435374
Gap,12,18,True,True,True,Medium Forb/Herb,3,0.027210884353741496
Gap,12,18,True,True,True,Medium Forb/Herb,6,0.013605442176870748
Gap,12,18,True,True,True,Medium Non-tufted grass/sedge,0,0.013605442176870748
Gap,12,18,True,True,True,Medium Non-tufted grass/sedge,3,0.06802721088435375
Gap,12,18,True,True,True,Medium Non-tufted grass/sedge,6,0.006802721088435374
Gap,12,18,True,True,True,Prostrate or Mat-forming Forb/Herb,0,0.006802721088435374
Gap,12,18,True,True,True,Prostrate or Mat-forming Forb/Herb,3,0.0
Gap,12,18,True,True,True,Prostrate or Mat-forming Forb/Herb,6,0.0
Gap,12,18,True,True,True,Small Tufted grass/sedge,0,0.006802721088435374
Gap,12,18,True,True,True,Small Tufted grass/sedge,3,0.013605442176870748
Gap,12,18,True,True,True,Small Tufted grass/sedge,6,0.0
Gap,12,19,False,True,False,Large Forb/Herb,0,0.034482758620689655
Gap,12,19,False,True,False,Large Forb/Herb,3,0.06896551724137931
Gap,12,19,False,True,False,Large Forb/Herb,6,0.034482758620689655
Gap,12,19,False,True,False,Large Tufted grass/sedge,0,0.0
Gap,12,19,False,True,False,Large Tufted grass/sedge,3,0.017241379310344827
Gap,12,19,False,True,False,Large Tufted grass/sedge,6,0.017241379310344827
Gap,12,19,False,True,False,Medium Forb/Herb,0,0.05172413793103448
Gap,12,19,False,True,False,Medium Forb/Herb,3,0.4482758620689655
Gap,12,19,False,True,False,Medium Forb/Herb,6,0.06896551724137931
Gap,12,19,False,True,False,Medium Tufted grass/sedge,0,0.0
Gap,12,19,False,True,False,Medium Tufted grass/sedge,3,0.05172413793103448
Gap,12,19,False,True,False,Medium Tufted grass/sedge,6,0.017241379310344827
Gap,12,19,False,True,False,Prostrate or Mat-forming Forb/Herb,0,0.034482758620689655
Gap,12,19,False,True,False,Prostrate or Mat-forming Forb/Herb,3,0.034482758620689655
Gap,12,19,False,True,False,Prostrate or Mat-forming Forb/Herb,6,0.017241379310344827
Gap,12,19,False,True,False,Small Tufted grass/sedge,0,0.017241379310344827
Gap,12,19,False,True,False,Small Tufted grass/sedge,3,0.034482758620689655
Gap,12,19,False,True,False,Small Tufted grass/sedge,6,0.034482758620689655
Gap,12,19,False,True,False,Tiny Tufted grass/sedge,0,0.0
Gap,12,19,False,True,False,Tiny Tufted grass/sedge,3,0.017241379310344827
Gap,12,19,False,True,False,Tiny Tufted grass/sedge,6,0.0
Gap,12,19,False,True,True,Climber,0,0.0
Gap,12,19,False,True,True,Climber,3,0.0
Gap,12,19,False,True,True,Climber,6,0.007352941176470588
Gap,12,19,False,True,True,Large Forb/Herb,0,0.07352941176470588
Gap,12,19,False,True,True,Large Forb/Herb,3,0.29411764705882354
Gap,12,19,False,True,True,Large Forb/Herb,6,0.4411764705882353
Gap,12,19,False,True,True,Medium Forb/Herb,0,0.007352941176470588
Gap,12,19,False,True,True,Medium Forb/Herb,3,0.014705882352941176
Gap,12,19,False,True,True,Medium Forb/Herb,6,0.014705882352941176
Gap,12,19,False,True,True,Medium Non-tufted grass/sedge,0,0.014705882352941176
Gap,12,19,False,True,True,Medium Non-tufted grass/sedge,3,0.014705882352941176
Gap,12,19,False,True,True,Medium Non-tufted grass/sedge,6,0.007352941176470588
Gap,12,19,False,True,True,Prostrate or Mat-forming Forb/Herb,0,0.007352941176470588
Gap,12,19,False,True,True,Prostrate or Mat-forming Forb/Herb,3,0.07352941176470588
Gap,12,19,False,True,True,Prostrate or Mat-forming Forb/Herb,6,0.007352941176470588
Gap,12,19,False,True,True,Small Tufted grass/sedge,0,0.0
Gap,12,19,False,True,True,Small Tufted grass/sedge,3,0.007352941176470588
Gap,12,19,False,True,True,Small Tufted grass/sedge,6,0.014705882352941176
Gap,12,20,True,True,False,Large Forb/Herb,0,0.0
Gap,12,20,True,True,False,Large Forb/Herb,3,0.17857142857142858
Gap,12,20,True,True,False,Large Forb/Herb,6,0.07142857142857142
Gap,12,20,True,True,False,Large Tufted grass/sedge,0,0.0
Gap,12,20,True,True,False,Large Tufted grass/sedge,3,0.0
Gap,12,20,True,True,False,Large Tufted grass/sedge,6,0.07142857142857142
Gap,12,20,True,True,False,Medium Forb/Herb,0,0.03571428571428571
Gap,12,20,True,True,False,Medium Forb/Herb,3,0.42857142857142855
Gap,12,20,True,True,False,Medium Forb/Herb,6,0.0
Gap,12,20,True,True,False,Medium Tufted grass/sedge,0,0.0
Gap,12,20,True,True,False,Medium Tufted grass/sedge,3,0.03571428571428571
Gap,12,20,True,True,False,Medium Tufted grass/sedge,6,0.0
Gap,12,20,True,True,False,Prostrate or Mat-forming Forb/Herb,0,0.03571428571428571
Gap,12,20,True,True,False,Prostrate or Mat-forming Forb/Herb,3,0.0
Gap,12,20,True,True,False,Prostrate or Mat-forming Forb/Herb,6,0.03571428571428571
Gap,12,20,True,True,False,Small Tufted grass/sedge,0,0.03571428571428571
Gap,12,20,True,True,False,Small Tufted grass/sedge,3,0.07142857142857142
Gap,12,20,True,True,False,Small Tufted grass/sedge,6,0.0
Gap,12,20,True,True,True,Large Forb/Herb,0,0.0
Gap,12,20,True,True,True,Large Forb/Herb,3,0.07142857142857142
Gap,12,20,True,True,True,Large Forb/Herb,6,0.14285714285714285
Gap,12,20,True,True,True,Medium Forb/Herb,0,0.07142857142857142
Gap,12,20,True,True,True,Medium Forb/Herb,3,0.07142857142857142
Gap,12,20,True,True,True,Medium Forb/Herb,6,0.14285714285714285
Gap,12,20,True,True,True,Medium Non-tufted grass/sedge,0,0.14285714285714285
Gap,12,20,True,True,True,Medium Non-tufted grass/sedge,3,0.14285714285714285
Gap,12,20,True,True,True,Medium Non-tufted grass/sedge,6,0.07142857142857142
Gap,12,20,True,True,True,Prostrate or Mat-forming Forb/Herb,0,0.07142857142857142
Gap,12,20,True,True,True,Prostrate or Mat-forming Forb/Herb,3,0.0
Gap,12,20,True,True,True,Prostrate or Mat-forming Forb/Herb,6,0.0
Gap,12,20,True,True,True,Small Tufted grass/sedge,0,0.07142857142857142
Gap,12,20,True,True,True,Small Tufted grass/sedge,3,0.0
Gap,12,20,True,True,True,Small Tufted grass/sedge,6,0.0
Gap,12,21,False,False,False,Large Forb/Herb,0,0.027777777777777776
Gap,12,21,False,False,False,Large Forb/Herb,3,0.1111111111111111
Gap,12,21,False,False,False,Large Forb/Herb,6,0.027777777777777776
Gap,12,21,False,False,False,Large Tufted grass/sedge,0,0.027777777777777776
Gap,12,21,False,False,False,Large Tufted grass/sedge,3,0.0
Gap,12,21,False,False,False,Large Tufted grass/sedge,6,0.0
Gap,12,21,False,False,False,Medium Forb/Herb,0,0.1111111111111111
Gap,12,21,False,False,False,Medium Forb/Herb,3,0.25
Gap,12,21,False,False,False,Medium Forb/Herb,6,0.16666666666666666
Gap,12,21,False,False,False,Medium Tufted grass/sedge,0,0.0
Gap,12,21,False,False,False,Medium Tufted grass/sedge,3,0.027777777777777776
Gap,12,21,False,False,False,Medium Tufted grass/sedge,6,0.027777777777777776
Gap,12,21,False,False,False,Prostrate or Mat-forming Forb/Herb,0,0.05555555555555555
Gap,12,21,False,False,False,Prostrate or Mat-forming Forb/Herb,3,0.027777777777777776
Gap,12,21,False,False,False,Prostrate or Mat-forming Forb/Herb,6,0.027777777777777776
Gap,12,21,False,False,False,Small Shrub,0,0.0
Gap,12,21,False,False,False,Small Shrub,3,0.0
Gap,12,21,False,False,False,Small Shrub,6,0.027777777777777776
Gap,12,21,False,False,False,Small Tufted grass/sedge,0,0.05555555555555555
Gap,12,21,False,False,False,Small Tufted grass/sedge,3,0.027777777777777776
Gap,12,21,False,False,False,Small Tufted grass/sedge,6,0.0
Gap,12,21,False,False,True,Climber,0,0.0
Gap,12,21,False,False,True,Climber,3,0.02
Gap,12,21,False,False,True,Climber,6,0.0
Gap,12,21,False,False,True,Large Forb/Herb,0,0.04
Gap,12,21,False,False,True,Large Forb/Herb,3,0.22
Gap,12,21,False,False,True,Large Forb/Herb,6,0.4
Gap,12,21,False,False,True,Large Shrub to Medium Tree,0,0.02
Gap,12,21,False,False,True,Large Shrub to Medium Tree,3,0.0
Gap,12,21,False,False,True,Large Shrub to Medium Tree,6,0.0
Gap,12,21,False,False,True,Medium Forb/Herb,0,0.0
Gap,12,21,False,False,True,Medium Forb/Herb,3,0.04
Gap,12,21,False,False,True,Medium Forb/Herb,6,0.02
Gap,12,21,False,False,True,Medium Non-tufted grass/sedge,0,0.04
Gap,12,21,False,False,True,Medium Non-tufted grass/sedge,3,0.04
Gap,12,21,False,False,True,Medium Non-tufted grass/sedge,6,0.0
Gap,12,21,False,False,True,Prostrate or Mat-forming Forb/Herb,0,0.02
Gap,12,21,False,False,True,Prostrate or Mat-forming Forb/Herb,3,0.04
Gap,12,21,False,False,True,Prostrate or Mat-forming Forb/Herb,6,0.02
Gap,12,21,False,False,True,Small Tufted grass/sedge,0,0.0
Gap,12,21,False,False,True,Small Tufted grass/sedge,3,0.02
Gap,12,21,False,False,True,Small Tufted grass/sedge,6,0.06
Gap,12,22,True,False,False,Large Forb/Herb,0,0.024390243902439025
Gap,12,22,True,False,False,Large Forb/Herb,3,0.07317073170731707
Gap,12,22,True,False,False,Large Forb/Herb,6,0.07317073170731707
Gap,12,22,True,False,False,Large Tufted grass/sedge,0,0.024390243902439025
Gap,12,22,True,False,False,Large Tufted grass/sedge,3,0.024390243902439025
Gap,12,22,True,False,False,Large Tufted grass/sedge,6,0.0
Gap,12,22,True,False,False,Medium Forb/Herb,0,0.12195121951219512
Gap,12,22,True,False,False,Medium Forb/Herb,3,0.14634146341463414
Gap,12,22,True,False,False,Medium Forb/Herb,6,0.024390243902439025
Gap,12,22,True,False,False,Medium Tufted grass/sedge,0,0.0
Gap,12,22,True,False,False,Medium Tufted grass/sedge,3,0.04878048780487805
Gap,12,22,True,False,False,Medium Tufted grass/sedge,6,0.2682926829268293
Gap,12,22,True,False,False,Prostrate or Mat-forming Forb/Herb,0,0.04878048780487805
Gap,12,22,True,False,False,Prostrate or Mat-forming Forb/Herb,3,0.024390243902439025
Gap,12,22,True,False,False,Prostrate or Mat-forming Forb/Herb,6,0.0
Gap,12,22,True,False,False,Small Tufted grass/sedge,0,0.04878048780487805
Gap,12,22,True,False,False,Small Tufted grass/sedge,3,0.024390243902439025
Gap,12,22,True,False,False,Small Tufted grass/sedge,6,0.024390243902439025
Gap,12,22,True,False,True,Large Forb/Herb,0,0.038461538461538464
Gap,12,22,True,False,True,Large Forb/Herb,3,0.07692307692307693
Gap,12,22,True,False,True,Large Forb/Herb,6,0.38461538461538464
Gap,12,22,True,False,True,Medium Forb/Herb,0,0.11538461538461539
Gap,12,22,True,False,True,Medium Forb/Herb,3,0.11538461538461539
Gap,12,22,True,False,True,Medium Forb/Herb,6,0.11538461538461539
Gap,12,22,True,False,True,Medium Non-tufted grass/sedge,0,0.07692307692307693
Gap,12,22,True,False,True,Medium Non-tufted grass/sedge,3,0.038461538461538464
Gap,12,22,True,False,True,Medium Non-tufted grass/sedge,6,0.038461538461538464
Gap,12,23,False,True,False,Large Forb/Herb,0,0.0
Gap,12,23,False,True,False,Large Forb/Herb,3,0.2
Gap,12,23,False,True,False,Large Forb/Herb,6,0.05
Gap,12,23,False,True,False,Medium Forb/Herb,0,0.1
Gap,12,23,False,True,False,Medium Forb/Herb,3,0.25
Gap,12,23,False,True,False,Medium Forb/Herb,6,0.0
Gap,12,23,False,True,False,Medium Tufted grass/sedge,0,0.0
Gap,12,23,False,True,False,Medium Tufted grass/sedge,3,0.05
Gap,12,23,False,True,False,Medium Tufted grass/sedge,6,0.05
Gap,12,23,False,True,False,Prostrate or Mat-forming Forb/Herb,0,0.0
Gap,12,23,False,True,False,Prostrate or Mat-forming Forb/Herb,3,0.0
Gap,12,23,False,True,False,Prostrate or Mat-forming Forb/Herb,6,0.1
Gap,12,23,False,True,False,Small Tufted grass/sedge,0,0.05
Gap,12,23,False,True,False,Small Tufted grass/sedge,3,0.1
Gap,12,23,False,True,False,Small Tufted grass/sedge,6,0.05
Gap,12,23,False,True,True,Medium Forb/Herb,0,0.0
Gap,12,23,False,True,True,Medium Forb/Herb,3,0.2857142857142857
Gap,12,23,False,True,True,Medium Forb/Herb,6,0.0
Gap,12,23,False,True,True,Medium Non-tufted grass/sedge,0,0.0
Gap,12,23,False,True,True,Medium Non-tufted grass/sedge,3,0.2857142857142857
Gap,12,23,False,True,True,Medium Non-tufted grass/sedge,6,0.0
Gap,12,23,False,True,True,Small Tufted grass/sedge,0,0.0
Gap,12,23,False,True,True,Small Tufted grass/sedge,3,0.0
Gap,12,23,False,True,True,Small Tufted grass/sedge,6,0.42857142857142855
Gap,12,24,True,False,False,Large Forb/Herb,0,0.03896103896103896
Gap,12,24,True,False,False,Large Forb/Herb,3,0.06493506493506493
Gap,12,24,True,False,False,Large Forb/Herb,6,0.012987012987012988
Gap,12,24,True,False,False,Large Tufted grass/sedge,0,0.0
Gap,12,24,True,False,False,Large Tufted grass/sedge,3,0.025974025974025976
Gap,12,24,True,False,False,Large Tufted grass/sedge,6,0.0
Gap,12,24,True,False,False,Medium Forb/Herb,0,0.05194805194805195
Gap,12,24,True,False,False,Medium Forb/Herb,3,0.22077922077922077
Gap,12,24,True,False,False,Medium Forb/Herb,6,0.14285714285714285
Gap,12,24,True,False,False,Medium Tufted grass/sedge,0,0.0
Gap,12,24,True,False,False,Medium Tufted grass/sedge,3,0.025974025974025976
Gap,12,24,True,False,False,Medium Tufted grass/sedge,6,0.05194805194805195
Gap,12,24,True,False,False,Prostrate or Mat-forming Forb/Herb,0,0.03896103896103896
Gap,12,24,True,False,False,Prostrate or Mat-forming Forb/Herb,3,0.0
Gap,12,24,True,False,False,Prostrate or Mat-forming Forb/Herb,6,0.025974025974025976
Gap,12,24,True,False,False,Small Tufted grass/sedge,0,0.012987012987012988
Gap,12,24,True,False,False,Small Tufted grass/sedge,3,0.2597402597402597
Gap,12,24,True,False,False,Small Tufted grass/sedge,6,0.025974025974025976
Gap,12,24,True,False,True,Large Shrub to Medium Tree,0,0.0
Gap,12,24,True,False,True,Large Shrub to Medium Tree,3,0.0
Gap,12,24,True,False,True,Large Shrub to Medium Tree,6,0.08695652173913043
Gap,12,24,True,False,True,Medium Forb/Herb,0,0.043478260869565216
Gap,12,24,True,False,True,Medium Forb/Herb,3,0.08695652173913043
Gap,12,24,True,False,True,Medium Forb/Herb,6,0.13043478260869565
Gap,12,24,True,False,True,Medium Non-tufted grass/sedge,0,0.43478260869565216
Gap,12,24,True,False,True,Medium Non-tufted grass/sedge,3,0.08695652173913043
Gap,12,24,True,False,True,Medium Non-tufted grass/sedge,6,0.0
Gap,12,24,True,False,True,Prostrate or Mat-forming Forb/Herb,0,0.0
Gap,12,24,True,False,True,Prostrate or Mat-forming Forb/Herb,3,0.0
Gap,12,24,True,False,True,Prostrate or Mat-forming Forb/Herb,6,0.043478260869565216
Gap,12,24,True,False,True,Small Tufted grass/sedge,0,0.0
Gap,12,24,True,False,True,Small Tufted grass/sedge,3,0.0
Gap,12,24,True,False,True,Small Tufted grass/sedge,6,0.08695652173913043
Gap,12,25,False,True,False,Large Forb/Herb,0,0.03333333333333333
Gap,12,25,False,True,False,Large Forb/Herb,3,0.1
Gap,12,25,False,True,False,Large Forb/Herb,6,0.0
Gap,12,25,False,True,False,Large Tufted grass/sedge,0,0.06666666666666667
Gap,12,25,False,True,False,Large Tufted grass/sedge,3,0.06666666666666667
Gap,12,25,False,True,False,Large Tufted grass/sedge,6,0.3333333333333333
Gap,12,25,False,True,False,Medium Forb/Herb,0,0.03333333333333333
Gap,12,25,False,True,False,Medium Forb/Herb,3,0.1
Gap,12,25,False,True,False,Medium Forb/Herb,6,0.0
Gap,12,25,False,True,False,Prostrate or Mat-forming Forb/Herb,0,0.1
Gap,12,25,False,True,False,Prostrate or Mat-forming Forb/Herb,3,0.0
Gap,12,25,False,True,False,Prostrate or Mat-forming Forb/Herb,6,0.03333333333333333
Gap,12,25,False,True,False,Small Non-tufted grass/sedge,0,0.0
Gap,12,25,False,True,False,Small Non-tufted grass/sedge,3,0.03333333333333333
Gap,12,25,False,True,False,Small Non-tufted grass/sedge,6,0.0
Gap,12,25,False,True,False,Small Tufted grass/sedge,0,0.06666666666666667
Gap,12,25,False,True,False,Small Tufted grass/sedge,3,0.03333333333333333
Gap,12,25,False,True,False,Small Tufted grass/sedge,6,0.0
Gap,12,25,False,True,True,Large Forb/Herb,0,0.04
Gap,12,25,False,True,True,Large Forb/Herb,3,0.4
Gap,12,25,False,True,True,Large Forb/Herb,6,0.4
Gap,12,25,False,True,True,Medium Forb/Herb,0,0.0
Gap,12,25,False,True,True,Medium Forb/Herb,3,0.04
Gap,12,25,False,True,True,Medium Forb/Herb,6,0.0
Gap,12,25,False,True,True,Medium Non-tufted grass/sedge,0,0.04
Gap,12,25,False,True,True,Medium Non-tufted grass/sedge,3,0.02
Gap,12,25,False,True,True,Medium Non-tufted grass/sedge,6,0.02
Gap,12,25,False,True,True,Prostrate Shrub,0,0.0
Gap,12,25,False,True,True,Prostrate Shrub,3,0.02
Gap,12,25,False,True,True,Prostrate Shrub,6,0.0
Gap,12,25,False,True,True,Prostrate or Mat-forming Forb/Herb,0,0.02
Gap,12,25,False,True,True,Prostrate or Mat-forming Forb/Herb,3,0.0
Gap,12,25,False,True,True,Prostrate or Mat-forming Forb/Herb,6,0.0
Gap,12,26,True,False,False,Large Forb/Herb,0,0.05128205128205128
Gap,12,26,True,False,False,Large Forb/Herb,3,0.10256410256410256
Gap,12,26,True,False,False,Large Forb/Herb,6,0.05128205128205128
Gap,12,26,True,False,False,Medium Forb/Herb,0,0.15384615384615385
Gap,12,26,True,False,False,Medium Forb/Herb,3,0.3076923076923077
Gap,12,26,True,False,False,Medium Forb/Herb,6,0.02564102564102564
Gap,12,26,True,False,False,Medium Tufted grass/sedge,0,0.0
Gap,12,26,True,False,False,Medium Tufted grass/sedge,3,0.0
Gap,12,26,True,False,False,Medium Tufted grass/sedge,6,0.07692307692307693
Gap,12,26,True,False,False,Prostrate or Mat-forming Forb/Herb,0,0.05128205128205128
Gap,12,26,True,False,False,Prostrate or Mat-forming Forb/Herb,3,0.02564102564102564
Gap,12,26,True,False,False,Prostrate or Mat-forming Forb/Herb,6,0.0
Gap,12,26,True,False,False,Small Non-tufted grass/sedge,0,0.0
Gap,12,26,True,False,False,Small Non-tufted grass/sedge,3,0.05128205128205128
Gap,12,26,True,False,False,Small Non-tufted grass/sedge,6,0.0
Gap,12,26,True,False,False,Small Tufted grass/sedge,0,0.02564102564102564
Gap,12,26,True,False,False,Small Tufted grass/sedge,3,0.07692307692307693
Gap,12,26,True,False,False,Small Tufted grass/sedge,6,0.0
Gap,12,26,True,False,True,Large Forb/Herb,0,0.08695652173913043
Gap,12,26,True,False,True,Large Forb/Herb,3,0.08695652173913043
Gap,12,26,True,False,True,Large Forb/Herb,6,0.43478260869565216
Gap,12,26,True,False,True,Medium Forb/Herb,0,0.043478260869565216
Gap,12,26,True,False,True,Medium Forb/Herb,3,0.08695652173913043
Gap,12,26,True,False,True,Medium Forb/Herb,6,0.0
Gap,12,26,True,False,True,Medium Non-tufted grass/sedge,0,0.08695652173913043
Gap,12,26,True,False,True,Medium Non-tufted grass/sedge,3,0.043478260869565216
Gap,12,26,True,False,True,Medium Non-tufted grass/sedge,6,0.043478260869565216
Gap,12,26,True,False,True,Prostrate or Mat-forming Forb/Herb,0,0.0
Gap,12,26,True,False,True,Prostrate or Mat-forming Forb/Herb,3,0.043478260869565216
Gap,12,26,True,False,True,Prostrate or Mat-forming Forb/Herb,6,0.0
Gap,12,26,True,False,True,Shrub,0,0.0
Gap,12,26,True,False,True,Shrub,3,0.0
Gap,12,26,True,False,True,Shrub,6,0.043478260869565216
Gap,12,27,False,False,False,Large Forb/Herb,0,0.09523809523809523
Gap,12,27,False,False,False,Large Forb/Herb,3,0.14285714285714285
Gap,12,27,False,False,False,Large Forb/Herb,6,0.14285714285714285
Gap,12,27,False,False,False,Medium Forb/Herb,0,0.09523809523809523
Gap,12,27,False,False,False,Medium Forb/Herb,3,0.19047619047619047
Gap,12,27,False,False,False,Medium Forb/Herb,6,0.09523809523809523
Gap,12,27,False,False,False,Scrambler,0,0.0
Gap,12,27,False,False,False,Scrambler,3,0.047619047619047616
Gap,12,27,False,False,False,Scrambler,6,0.0
Gap,12,27,False,False,False,Small Tufted grass/sedge,0,0.0
Gap,12,27,False,False,False,Small Tufted grass/sedge,3,0.14285714285714285
Gap,12,27,False,False,False,Small Tufted grass/sedge,6,0.047619047619047616
Gap,12,27,False,False,True,Climber,0,0.0
Gap,12,27,False,False,True,Climber,3,0.02564102564102564
Gap,12,27,False,False,True,Climber,6,0.0
Gap,12,27,False,False,True,Large Forb/Herb,0,0.0
Gap,12,27,False,False,True,Large Forb/Herb,3,0.0
Gap,12,27,False,False,True,Large Forb/Herb,6,0.05128205128205128
Gap,12,27,False,False,True,Medium Forb/Herb,0,0.02564102564102564
Gap,12,27,False,False,True,Medium Forb/Herb,3,0.05128205128205128
Gap,12,27,False,False,True,Medium Forb/Herb,6,0.02564102564102564
Gap,12,27,False,False,True,Medium Non-tufted grass/sedge,0,0.5128205128205128
Gap,12,27,False,False,True,Medium Non-tufted grass/sedge,3,0.2564102564102564
Gap,12,27,False,False,True,Medium Non-tufted grass/sedge,6,0.05128205128205128
Gap,12,28,True,False,False,Large Forb/Herb,0,0.022222222222222223
Gap,12,28,True,False,False,Large Forb/Herb,3,0.044444444444444446
Gap,12,28,True,False,False,Large Forb/Herb,6,0.044444444444444446
Gap,12,28,True,False,False,Large Tufted grass/sedge,0,0.022222222222222223
Gap,12,28,True,False,False,Large Tufted grass/sedge,3,0.044444444444444446
Gap,12,28,True,False,False,Large Tufted grass/sedge,6,0.044444444444444446
Gap,12,28,True,False,False,Medium Forb/Herb,0,0.15555555555555556
Gap,12,28,True,False,False,Medium Forb/Herb,3,0.13333333333333333
Gap,12,28,True,False,False,Medium Forb/Herb,6,0.24444444444444444
Gap,12,28,True,False,False,Prostrate or Mat-forming Forb/Herb,0,0.044444444444444446
Gap,12,28,True,False,False,Prostrate or Mat-forming Forb/Herb,3,0.044444444444444446
Gap,12,28,True,False,False,Prostrate or Mat-forming Forb/Herb,6,0.022222222222222223
Gap,12,28,True,False,False,Small Tufted grass/sedge,0,0.044444444444444446
Gap,12,28,True,False,False,Small Tufted grass/sedge,3,0.08888888888888889
Gap,12,28,True,False,False,Small Tufted grass/sedge,6,0.0
Gap,12,28,True,False,True,Large Forb/Herb,0,0.0
Gap,12,28,True,False,True,Large Forb/Herb,3,0.23904382470119523
Gap,12,28,True,False,True,Large Forb/Herb,6,0.398406374501992
Gap,12,28,True,False,True,Large Shrub to Medium Tree,0,0.00398406374501992
Gap,12,28,True,False,True,Large Shrub to Medium Tree,3,0.00398406374501992
Gap,12,28,True,False,True,Large Shrub to Medium Tree,6,0.00796812749003984
Gap,12,28,True,False,True,Medium Forb/Herb,0,0.16334661354581673
Gap,12,28,True,False,True,Medium Forb/Herb,3,0.00398406374501992
Gap,12,28,True,False,True,Medium Forb/Herb,6,0.01195219123505976
Gap,12,28,True,False,True,Medium Non-tufted grass/sedge,0,0.0398406374501992
Gap,12,28,True,False,True,Medium Non-tufted grass/sedge,3,0.00398406374501992
Gap,12,28,True,False,True,Medium Non-tufted grass/sedge,6,0.0
Gap,12,28,True,False,True,Prostrate or Mat-forming Forb/Herb,0,0.0398406374501992
Gap,12,28,True,False,True,Prostrate or Mat-forming Forb/Herb,3,0.0796812749003984
Gap,12,28,True,False,True,Prostrate or Mat-forming Forb/Herb,6,0.0
Gap,12,28,True,False,True,Small Tufted grass/sedge,0,0.0
Gap,12,28,True,False,True,Small Tufted grass/sedge,3,0.00398406374501992
Gap,12,28,True,False,True,Small Tufted grass/sedge,6,0.0
Gap,12,29,False,False,False,Large Forb/Herb,0,0.03225806451612903
Gap,12,29,False,False,False,Large Forb/Herb,3,0.03225806451612903
Gap,12,29,False,False,False,Large Forb/Herb,6,0.03225806451612903
Gap,12,29,False,False,False,Large Tufted grass/sedge,0,0.06451612903225806
Gap,12,29,False,False,False,Large Tufted grass/sedge,3,0.03225806451612903
Gap,12,29,False,False,False,Large Tufted grass/sedge,6,0.06451612903225806
Gap,12,29,False,False,False,Medium Forb/Herb,0,0.0967741935483871
Gap,12,29,False,False,False,Medium Forb/Herb,3,0.16129032258064516
Gap,12,29,False,False,False,Medium Forb/Herb,6,0.0967741935483871
Gap,12,29,False,False,False,Medium Tufted grass/sedge,0,0.0
Gap,12,29,False,False,False,Medium Tufted grass/sedge,3,0.03225806451612903
Gap,12,29,False,False,False,Medium Tufted grass/sedge,6,0.0
Gap,12,29,False,False,False,Prostrate or Mat-forming Forb/Herb,0,0.06451612903225806
Gap,12,29,False,False,False,Prostrate or Mat-forming Forb/Herb,3,0.03225806451612903
Gap,12,29,False,False,False,Prostrate or Mat-forming Forb/Herb,6,0.06451612903225806
Gap,12,29,False,False,False,Small Non-tufted grass/sedge,0,0.03225806451612903
Gap,12,29,False,False,False,Small Non-tufted grass/sedge,3,0.0
Gap,12,29,False,False,False,Small Non-tufted grass/sedge,6,0.0
Gap,12,29,False,False,False,Small Tufted grass/sedge,0,0.0967741935483871
Gap,12,29,False,False,False,Small Tufted grass/sedge,3,0.06451612903225806
Gap,12,29,False,False,False,Small Tufted grass/sedge,6,0.0
Gap,12,29,False,False,True,Large Forb/Herb,0,0.015151515151515152
Gap,12,29,False,False,True,Large Forb/Herb,3,0.015151515151515152
Gap,12,29,False,False,True,Large Forb/Herb,6,0.30303030303030304
Gap,12,29,False,False,True,Medium Forb/Herb,0,0.015151515151515152
Gap,12,29,False,False,True,Medium Forb/Herb,3,0.03787878787878788
Gap,12,29,False,False,True,Medium Forb/Herb,6,0.022727272727272728
Gap,12,29,False,False,True,Medium Non-tufted grass/sedge,0,0.45454545454545453
Gap,12,29,False,False,True,Medium Non-tufted grass/sedge,3,0.07575757575757576
Gap,12,29,False,False,True,Medium Non-tufted grass/sedge,6,0.015151515151515152
Gap,12,29,False,False,True,Prostrate or Mat-forming Forb/Herb,0,0.007575757575757576
Gap,12,29,False,False,True,Prostrate or Mat-forming Forb/Herb,3,0.015151515151515152
Gap,12,29,False,False,True,Prostrate or Mat-forming Forb/Herb,6,0.0
Gap,12,29,False,False,True,Small Tufted grass/sedge,0,0.007575757575757576
Gap,12,29,False,False,True,Small Tufted grass/sedge,3,0.0
Gap,12,29,False,False,True,Small Tufted grass/sedge,6,0.015151515151515152
Gap,12,30,True,False,False,Large Forb/Herb,0,0.0
Gap,12,30,True,False,False,Large Forb/Herb,3,0.046511627906976744
Gap,12,30,True,False,False,Large Forb/Herb,6,0.0
Gap,12,30,True,False,False,Large Non-tufted grass/sedge,0,0.0
Gap,12,30,True,False,False,Large Non-tufted grass/sedge,3,0.0
Gap,12,30,True,False,False,Large Non-tufted grass/sedge,6,0.046511627906976744
Gap,12,30,True,False,False,Large Tufted grass/sedge,0,0.023255813953488372
Gap,12,30,True,False,False,Large Tufted grass/sedge,3,0.046511627906976744
Gap,12,30,True,False,False,Large Tufted grass/sedge,6,0.0
Gap,12,30,True,False,False,Medium Forb/Herb,0,0.13953488372093023
Gap,12,30,True,False,False,Medium Forb/Herb,3,0.13953488372093023
Gap,12,30,True,False,False,Medium Forb/Herb,6,0.09302325581395349
Gap,12,30,True,False,False,Medium Tufted grass/sedge,0,0.0
Gap,12,30,True,False,False,Medium Tufted grass/sedge,3,0.046511627906976744
Gap,12,30,True,False,False,Medium Tufted grass/sedge,6,0.046511627906976744
Gap,12,30,True,False,False,Prostrate or Mat-forming Forb/Herb,0,0.046511627906976744
Gap,12,30,True,False,False,Prostrate or Mat-forming Forb/Herb,3,0.023255813953488372
Gap,12,30,True,False,False,Prostrate or Mat-forming Forb/Herb,6,0.023255813953488372
Gap,12,30,True,False,False,Small Tufted grass/sedge,0,0.23255813953488372
Gap,12,30,True,False,False,Small Tufted grass/sedge,3,0.046511627906976744
Gap,12,30,True,False,False,Small Tufted grass/sedge,6,0.0
Gap,12,30,True,False,True,Large Forb/Herb,0,0.055248618784530384
Gap,12,30,True,False,True,Large Forb/Herb,3,0.055248618784530384
Gap,12,30,True,False,True,Large Forb/Herb,6,0.11049723756906077
Gap,12,30,True,False,True,Medium Forb/Herb,0,0.011049723756906077
Gap,12,30,True,False,True,Medium Forb/Herb,3,0.0055248618784530384
Gap,12,30,True,False,True,Medium Forb/Herb,6,0.011049723756906077
Gap,12,30,True,False,True,Medium Non-tufted grass/sedge,0,0.5524861878453039
Gap,12,30,True,False,True,Medium Non-tufted grass/sedge,3,0.11049723756906077
Gap,12,30,True,False,True,Medium Non-tufted grass/sedge,6,0.011049723756906077
Gap,12,30,True,False,True,Prostrate or Mat-forming Forb/Herb,0,0.0055248618784530384
Gap,12,30,True,False,True,Prostrate or Mat-forming Forb/Herb,3,0.055248618784530384
Gap,12,30,True,False,True,Prostrate or Mat-forming Forb/Herb,6,0.0055248618784530384
Gap,12,30,True,False,True,Small Tufted grass/sedge,0,0.0
Gap,12,30,True,False,True,Small Tufted grass/sedge,3,0.0055248618784530384
Gap,12,30,True,False,True,Small Tufted grass/sedge,6,0.0055248618784530384
Gap,12,31,False,False,False,Large Forb/Herb,0,0.030303030303030304
Gap,12,31,False,False,False,Large Forb/Herb,3,0.06060606060606061
Gap,12,31,False,False,False,Large Forb/Herb,6,0.09090909090909091
Gap,12,31,False,False,False,Medium Forb/Herb,0,0.12121212121212122
Gap,12,31,False,False,False,Medium Forb/Herb,3,0.24242424242424243
Gap,12,31,False,False,False,Medium Forb/Herb,6,0.30303030303030304
Gap,12,31,False,False,False,Prostrate or Mat-forming Forb/Herb,0,0.030303030303030304
Gap,12,31,False,False,False,Prostrate or Mat-forming Forb/Herb,3,0.0
Gap,12,31,False,False,False,Prostrate or Mat-forming Forb/Herb,6,0.030303030303030304
Gap,12,31,False,False,False,Small Tufted grass/sedge,0,0.06060606060606061
Gap,12,31,False,False,False,Small Tufted grass/sedge,3,0.030303030303030304
Gap,12,31,False,False,False,Small Tufted grass/sedge,6,0.0
Gap,12,31,False,False,True,Large Forb/Herb,0,0.15503875968992248
Gap,12,31,False,False,True,Large Forb/Herb,3,0.31007751937984496
Gap,12,31,False,False,True,Large Forb/Herb,6,0.46511627906976744
Gap,12,31,False,False,True,Medium Forb/Herb,0,0.0
Gap,12,31,False,False,True,Medium Forb/Herb,3,0.007751937984496124
Gap,12,31,False,False,True,Medium Forb/Herb,6,0.007751937984496124
Gap,12,31,False,False,True,Medium Non-tufted grass/sedge,0,0.007751937984496124
Gap,12,31,False,False,True,Medium Non-tufted grass/sedge,3,0.007751937984496124
Gap,12,31,False,False,True,Medium Non-tufted grass/sedge,6,0.0
Gap,12,31,False,False,True,Prostrate or Mat-forming Forb/Herb,0,0.015503875968992248
Gap,12,31,False,False,True,Prostrate or Mat-forming Forb/Herb,3,0.015503875968992248
Gap,12,31,False,False,True,Prostrate or Mat-forming Forb/Herb,6,0.0
Gap,12,31,False,False,True,Small Tufted grass/sedge,0,0.0
Gap,12,31,False,False,True,Small Tufted grass/sedge,3,0.0
Gap,12,31,False,False,True,Small Tufted grass/sedge,6,0.007751937984496124
Gap,12,32,True,True,False,Large Forb/Herb,0,0.015384615384615385
Gap,12,32,True,True,False,Large Forb/Herb,3,0.03076923076923077
Gap,12,32,True,True,False,Large Forb/Herb,6,0.0
Gap,12,32,True,True,False,Large Tufted grass/sedge,0,0.0
Gap,12,32,True,True,False,Large Tufted grass/sedge,3,0.0
Gap,12,32,True,True,False,Large Tufted grass/sedge,6,0.15384615384615385
Gap,12,32,True,True,False,Medium Forb/Herb,0,0.06153846153846154
Gap,12,32,True,True,False,Medium Forb/Herb,3,0.06153846153846154
Gap,12,32,True,True,False,Medium Forb/Herb,6,0.3076923076923077
Gap,12,32,True,True,False,Medium Tufted grass/sedge,0,0.0
Gap,12,32,True,True,False,Medium Tufted grass/sedge,3,0.15384615384615385
Gap,12,32,True,True,False,Medium Tufted grass/sedge,6,0.0
Gap,12,32,True,True,False,Prostrate or Mat-forming Forb/Herb,0,0.015384615384615385
Gap,12,32,True,True,False,Prostrate or Mat-forming Forb/Herb,3,0.015384615384615385
Gap,12,32,True,True,False,Prostrate or Mat-forming Forb/Herb,6,0.0
Gap,12,32,True,True,False,Small Tufted grass/sedge,0,0.15384615384615385
Gap,12,32,True,True,False,Small Tufted grass/sedge,3,0.03076923076923077
Gap,12,32,True,True,False,Small Tufted grass/sedge,6,0.0
Gap,12,32,True,True,True,Large Forb/Herb,0,0.03125
Gap,12,32,True,True,True,Large Forb/Herb,3,0.03125
Gap,12,32,True,True,True,Large Forb/Herb,6,0.0625
Gap,12,32,True,True,True,Medium Forb/Herb,0,0.0625
Gap,12,32,True,True,True,Medium Forb/Herb,3,0.0625
Gap,12,32,True,True,True,Medium Forb/Herb,6,0.03125
Gap,12,32,True,True,True,Medium Non-tufted grass/sedge,0,0.3125
Gap,12,32,True,True,True,Medium Non-tufted grass/sedge,3,0.3125
Gap,12,32,True,True,True,Medium Non-tufted grass/sedge,6,0.03125
Gap,12,32,True,True,True,Prostrate or Mat-forming Forb/Herb,0,0.0
Gap,12,32,True,True,True,Prostrate or Mat-forming Forb/Herb,3,0.0625
Gap,12,32,True,True,True,Prostrate or Mat-forming Forb/Herb,6,0.0
Radial,3,1,False,True,False,Large Forb/Herb,0,0.15384615384615385
Radial,3,1,False,True,False,Large Forb/Herb,3,0.0
Radial,3,1,False,True,False,Large Forb/Herb,6,0.11538461538461539
Radial,3,1,False,True,False,Medium Forb/Herb,0,0.11538461538461539
Radial,3,1,False,True,False,Medium Forb/Herb,3,0.0
Radial,3,1,False,True,False,Medium Forb/Herb,6,0.038461538461538464
Radial,3,1,False,True,False,Medium Tufted grass/sedge,0,0.038461538461538464
Radial,3,1,False,True,False,Medium Tufted grass/sedge,3,0.0
Radial,3,1,False,True,False,Medium Tufted grass/sedge,6,0.0
Radial,3,1,False,True,False,Prostrate or Mat-forming Forb/Herb,0,0.038461538461538464
Radial,3,1,False,True,False,Prostrate or Mat-forming Forb/Herb,3,0.0
Radial,3,1,False,True,False,Prostrate or Mat-forming Forb/Herb,6,0.038461538461538464
Radial,3,1,False,True,False,Small Non-tufted grass/sedge,0,0.038461538461538464
Radial,3,1,False,True,False,Small Non-tufted grass/sedge,3,0.0
Radial,3,1,False,True,False,Small Non-tufted grass/sedge,6,0.038461538461538464
Radial,3,1,False,True,False,Small Tufted grass/sedge,0,0.38461538461538464
Radial,3,1,False,True,False,Small Tufted grass/sedge,3,0.0
Radial,3,1,False,True,False,Small Tufted grass/sedge,6,0.0
Radial,3,1,False,True,True,Climber,0,0.0033783783783783786
Radial,3,1,False,True,True,Climber,3,0.0
Radial,3,1,False,True,True,Climber,6,0.0
Radial,3,1,False,True,True,Large Forb/Herb,0,0.47297297297297297
Radial,3,1,False,True,True,Large Forb/Herb,3,0.0
Radial,3,1,False,True,True,Large Forb/Herb,6,0.2702702702702703
Radial,3,1,False,True,True,Medium Forb/Herb,0,0.0
Radial,3,1,False,True,True,Medium Forb/Herb,3,0.0
Radial,3,1,False,True,True,Medium Forb/Herb,6,0.006756756756756757
Radial,3,1,False,True,True,Medium Non-tufted grass/sedge,0,0.033783783783783786
Radial,3,1,False,True,True,Medium Non-tufted grass/sedge,3,0.0
Radial,3,1,False,True,True,Medium Non-tufted grass/sedge,6,0.0033783783783783786
Radial,3,1,False,True,True,Prostrate Shrub,0,0.0033783783783783786
Radial,3,1,False,True,True,Prostrate Shrub,3,0.0
Radial,3,1,False,True,True,Prostrate Shrub,6,0.0
Radial,3,1,False,True,True,Prostrate or Mat-forming Forb/Herb,0,0.20270270270270271
Radial,3,1,False,True,True,Prostrate or Mat-forming Forb/Herb,3,0.0
Radial,3,1,False,True,True,Prostrate or Mat-forming Forb/Herb,6,0.0
Radial,3,1,False,True,True,Small Tufted grass/sedge,0,0.0
Radial,3,1,False,True,True,Small Tufted grass/sedge,3,0.0
Radial,3,1,False,True,True,Small Tufted grass/sedge,6,0.0033783783783783786
Radial,3,2,False,False,False,Large Forb/Herb,0,0.16666666666666666
Radial,3,2,False,False,False,Large Forb/Herb,3,0.0
Radial,3,2,False,False,False,Large Forb/Herb,6,0.08333333333333333
Radial,3,2,False,False,False,Medium Forb/Herb,0,0.08333333333333333
Radial,3,2,False,False,False,Medium Forb/Herb,3,0.0
Radial,3,2,False,False,False,Medium Forb/Herb,6,0.125
Radial,3,2,False,False,False,Medium Tufted grass/sedge,0,0.08333333333333333
Radial,3,2,False,False,False,Medium Tufted grass/sedge,3,0.0
Radial,3,2,False,False,False,Medium Tufted grass/sedge,6,0.041666666666666664
Radial,3,2,False,False,False,Prostrate or Mat-forming Forb/Herb,0,0.08333333333333333
Radial,3,2,False,False,False,Prostrate or Mat-forming Forb/Herb,3,0.0
Radial,3,2,False,False,False,Prostrate or Mat-forming Forb/Herb,6,0.125
Radial,3,2,False,False,False,Small Non-tufted grass/sedge,0,0.041666666666666664
Radial,3,2,False,False,False,Small Non-tufted grass/sedge,3,0.0
Radial,3,2,False,False,False,Small Non-tufted grass/sedge,6,0.0
Radial,3,2,False,False,False,Small Tufted grass/sedge,0,0.08333333333333333
Radial,3,2,False,False,False,Small Tufted grass/sedge,3,0.0
Radial,3,2,False,False,False,Small Tufted grass/sedge,6,0.08333333333333333
Radial,3,2,False,False,True,Large Forb/Herb,0,0.45977011494252873
Radial,3,2,False,False,True,Large Forb/Herb,3,0.0
Radial,3,2,False,False,True,Large Forb/Herb,6,0.45977011494252873
Radial,3,2,False,False,True,Medium Forb/Herb,0,0.0
Radial,3,2,False,False,True,Medium Forb/Herb,3,0.0
Radial,3,2,False,False,True,Medium Forb/Herb,6,0.011494252873563218
Radial,3,2,False,False,True,Medium Non-tufted grass/sedge,0,0.011494252873563218
Radial,3,2,False,False,True,Medium Non-tufted grass/sedge,3,0.0
Radial,3,2,False,False,True,Medium Non-tufted grass/sedge,6,0.011494252873563218
Radial,3,2,False,False,True,Prostrate or Mat-forming Forb/Herb,0,0.022988505747126436
Radial,3,2,False,False,True,Prostrate or Mat-forming Forb/Herb,3,0.0
Radial,3,2,False,False,True,Prostrate or Mat-forming Forb/Herb,6,0.0
Radial,3,2,False,False,True,Small Tufted grass/sedge,0,0.0
Radial,3,2,False,False,True,Small Tufted grass/sedge,3,0.0
Radial,3,2,False,False,True,Small Tufted grass/sedge,6,0.022988505747126436
Radial,3,3,False,True,False,Large Forb/Herb,0,0.13043478260869565
Radial,3,3,False,True,False,Large Forb/Herb,3,0.0
Radial,3,3,False,True,False,Large Forb/Herb,6,0.043478260869565216
Radial,3,3,False,True,False,Medium Forb/Herb,0,0.17391304347826086
Radial,3,3,False,True,False,Medium Forb/Herb,3,0.0
Radial,3,3,False,True,False,Medium Forb/Herb,6,0.21739130434782608
Radial,3,3,False,True,False,Medium Tufted grass/sedge,0,0.08695652173913043
Radial,3,3,False,True,False,Medium Tufted grass/sedge,3,0.0
Radial,3,3,False,True,False,Medium Tufted grass/sedge,6,0.08695652173913043
Radial,3,3,False,True,False,Prostrate or Mat-forming Forb/Herb,0,0.043478260869565216
Radial,3,3,False,True,False,Prostrate or Mat-forming Forb/Herb,3,0.0
Radial,3,3,False,True,False,Prostrate or Mat-forming Forb/Herb,6,0.043478260869565216
Radial,3,3,False,True,False,Small Non-tufted grass/sedge,0,0.043478260869565216
Radial,3,3,False,True,False,Small Non-tufted grass/sedge,3,0.0
Radial,3,3,False,True,False,Small Non-tufted grass/sedge,6,0.043478260869565216
Radial,3,3,False,True,False,Small Tufted grass/sedge,0,0.08695652173913043
Radial,3,3,False,True,False,Small Tufted grass/sedge,3,0.0
Radial,3,3,False,True,False,Small Tufted grass/sedge,6,0.0
Radial,3,3,False,True,True,Large Forb/Herb,0,0.418848167539267
Radial,3,3,False,True,True,Large Forb/Herb,3,0.0
Radial,3,3,False,True,True,Large Forb/Herb,6,0.5235602094240838
Radial,3,3,False,True,True,Medium Forb/Herb,0,0.010471204188481676
Radial,3,3,False,True,True,Medium Forb/Herb,3,0.0
Radial,3,3,False,True,True,Medium Forb/Herb,6,0.015706806282722512
Radial,3,3,False,True,True,Medium Non-tufted grass/sedge,0,0.005235602094240838
Radial,3,3,False,True,True,Medium Non-tufted grass/sedge,3,0.0
Radial,3,3,False,True,True,Medium Non-tufted grass/sedge,6,0.005235602094240838
Radial,3,3,False,True,True,Prostrate or Mat-forming Forb/Herb,0,0.010471204188481676
Radial,3,3,False,True,True,Prostrate or Mat-forming Forb/Herb,3,0.0
Radial,3,3,False,True,True,Prostrate or Mat-forming Forb/Herb,6,0.005235602094240838
Radial,3,3,False,True,True,Small Tufted grass/sedge,0,0.0
Radial,3,3,False,True,True,Small Tufted grass/sedge,3,0.0
Radial,3,3,False,True,True,Small Tufted grass/sedge,6,0.005235602094240838
Radial,3,4,False,True,False,Large Forb/Herb,0,0.125
Radial,3,4,False,True,False,Large Forb/Herb,3,0.0
Radial,3,4,False,True,False,Large Forb/Herb,6,0.125
Radial,3,4,False,True,False,Medium Forb/Herb,0,0.125
Radial,3,4,False,True,False,Medium Forb/Herb,3,0.0
Radial,3,4,False,True,False,Medium Forb/Herb,6,0.125
Radial,3,4,False,True,False,Prostrate or Mat-forming Forb/Herb,0,0.08333333333333333
Radial,3,4,False,True,False,Prostrate or Mat-forming Forb/Herb,3,0.0
Radial,3,4,False,True,False,Prostrate or Mat-forming Forb/Herb,6,0.125
Radial,3,4,False,True,False,Small Non-tufted grass/sedge,0,0.08333333333333333
Radial,3,4,False,True,False,Small Non-tufted grass/sedge,3,0.0
Radial,3,4,False,True,False,Small Non-tufted grass/sedge,6,0.08333333333333333
Radial,3,4,False,True,False,Small Tufted grass/sedge,0,0.08333333333333333
Radial,3,4,False,True,False,Small Tufted grass/sedge,3,0.0
Radial,3,4,False,True,False,Small Tufted grass/sedge,6,0.041666666666666664
Radial,3,4,False,True,True,Climber,0,0.007751937984496124
Radial,3,4,False,True,True,Climber,3,0.0
Radial,3,4,False,True,True,Climber,6,0.007751937984496124
Radial,3,4,False,True,True,Large Forb/Herb,0,0.31007751937984496
Radial,3,4,False,True,True,Large Forb/Herb,3,0.0
Radial,3,4,False,True,True,Large Forb/Herb,6,0.6201550387596899
Radial,3,4,False,True,True,Medium Forb/Herb,0,0.0
Radial,3,4,False,True,True,Medium Forb/Herb,3,0.0
Radial,3,4,False,True,True,Medium Forb/Herb,6,0.007751937984496124
Radial,3,4,False,True,True,Medium Non-tufted grass/sedge,0,0.015503875968992248
Radial,3,4,False,True,True,Medium Non-tufted grass/sedge,3,0.0
Radial,3,4,False,True,True,Medium Non-tufted grass/sedge,6,0.007751937984496124
Radial,3,4,False,True,True,Prostrate or Mat-forming Forb/Herb,0,0.015503875968992248
Radial,3,4,False,True,True,Prostrate or Mat-forming Forb/Herb,3,0.0
Radial,3,4,False,True,True,Prostrate or Mat-forming Forb/Herb,6,0.0
Radial,3,4,False,True,True,Small Forb/Herb,0,0.007751937984496124
Radial,3,4,False,True,True,Small Forb/Herb,3,0.0
Radial,3,4,False,True,True,Small Forb/Herb,6,0.0
Radial,3,5,False,True,False,Large Forb/Herb,0,0.08823529411764706
Radial,3,5,False,True,False,Large Forb/Herb,3,0.0
Radial,3,5,False,True,False,Large Forb/Herb,6,0.0
Radial,3,5,False,True,False,Medium Forb/Herb,0,0.08823529411764706
Radial,3,5,False,True,False,Medium Forb/Herb,3,0.0
Radial,3,5,False,True,False,Medium Forb/Herb,6,0.029411764705882353
Radial,3,5,False,True,False,Medium Tufted grass/sedge,0,0.029411764705882353
Radial,3,5,False,True,False,Medium Tufted grass/sedge,3,0.0
Radial,3,5,False,True,False,Medium Tufted grass/sedge,6,0.029411764705882353
Radial,3,5,False,True,False,Prostrate or Mat-forming Forb/Herb,0,0.029411764705882353
Radial,3,5,False,True,False,Prostrate or Mat-forming Forb/Herb,3,0.0
Radial,3,5,False,True,False,Prostrate or Mat-forming Forb/Herb,6,0.058823529411764705
Radial,3,5,False,True,False,Small Non-tufted grass/sedge,0,0.029411764705882353
Radial,3,5,False,True,False,Small Non-tufted grass/sedge,3,0.0
Radial,3,5,False,True,False,Small Non-tufted grass/sedge,6,0.029411764705882353
Radial,3,5,False,True,False,Small Tufted grass/sedge,0,0.5882352941176471
Radial,3,5,False,True,False,Small Tufted grass/sedge,3,0.0
Radial,3,5,False,True,False,Small Tufted grass/sedge,6,0.0
Radial,3,5,False,True,True,Climber,0,0.004901960784313725
Radial,3,5,False,True,True,Climber,3,0.0
Radial,3,5,False,True,True,Climber,6,0.0
Radial,3,5,False,True,True,Large Forb/Herb,0,0.39215686274509803
Radial,3,5,False,True,True,Large Forb/Herb,3,0.0
Radial,3,5,False,True,True,Large Forb/Herb,6,0.49019607843137253
Radial,3,5,False,True,True,Medium Forb/Herb,0,0.05392156862745098
Radial,3,5,False,True,True,Medium Forb/Herb,3,0.0
Radial,3,5,False,True,True,Medium Forb/Herb,6,0.014705882352941176
Radial,3,5,False,True,True,Medium Non-tufted grass/sedge,0,0.004901960784313725
Radial,3,5,False,True,True,Medium Non-tufted grass/sedge,3,0.0
Radial,3,5,False,True,True,Medium Non-tufted grass/sedge,6,0.0
Radial,3,5,False,True,True,Prostrate Shrub,0,0.00980392156862745
Radial,3,5,False,True,True,Prostrate Shrub,3,0.0
Radial,3,5,False,True,True,Prostrate Shrub,6,0.00980392156862745
Radial,3,5,False,True,True,Prostrate or Mat-forming Forb/Herb,0,0.00980392156862745
Radial,3,5,False,True,True,Prostrate or Mat-forming Forb/Herb,3,0.0
Radial,3,5,False,True,True,Prostrate or Mat-forming Forb/Herb,6,0.0
Radial,3,5,False,True,True,Small Tufted grass/sedge,0,0.0
Radial,3,5,False,True,True,Small Tufted grass/sedge,3,0.0
Radial,3,5,False,True,True,Small Tufted grass/sedge,6,0.00980392156862745
Radial,3,6,False,True,False,Large Forb/Herb,0,0.022727272727272728
Radial,3,6,False,True,False,Large Forb/Herb,3,0.0
Radial,3,6,False,True,False,Large Forb/Herb,6,0.022727272727272728
Radial,3,6,False,True,False,Medium Forb/Herb,0,0.11363636363636363
Radial,3,6,False,True,False,Medium Forb/Herb,3,0.0
Radial,3,6,False,True,False,Medium Forb/Herb,6,0.09090909090909091
Radial,3,6,False,True,False,Medium Tufted grass/sedge,0,0.22727272727272727
Radial,3,6,False,True,False,Medium Tufted grass/sedge,3,0.0
Radial,3,6,False,True,False,Medium Tufted grass/sedge,6,0.022727272727272728
Radial,3,6,False,True,False,Non-tufted Ground Fern,0,0.022727272727272728
Radial,3,6,False,True,False,Non-tufted Ground Fern,3,0.0
Radial,3,6,False,True,False,Non-tufted Ground Fern,6,0.022727272727272728
Radial,3,6,False,True,False,Prostrate or Mat-forming Forb/Herb,0,0.045454545454545456
Radial,3,6,False,True,False,Prostrate or Mat-forming Forb/Herb,3,0.0
Radial,3,6,False,True,False,Prostrate or Mat-forming Forb/Herb,6,0.25
Radial,3,6,False,True,False,Small Non-tufted grass/sedge,0,0.022727272727272728
Radial,3,6,False,True,False,Small Non-tufted grass/sedge,3,0.0
Radial,3,6,False,True,False,Small Non-tufted grass/sedge,6,0.045454545454545456
Radial,3,6,False,True,False,Small Shrub,0,0.022727272727272728
Radial,3,6,False,True,False,Small Shrub,3,0.0
Radial,3,6,False,True,False,Small Shrub,6,0.022727272727272728
Radial,3,6,False,True,False,Small Tufted grass/sedge,0,0.045454545454545456
Radial,3,6,False,True,False,Small Tufted grass/sedge,3,0.0
Radial,3,6,False,True,False,Small Tufted grass/sedge,6,0.0
Radial,3,6,False,True,True,Climber,0,0.009433962264150943
Radial,3,6,False,True,True,Climber,3,0.0
Radial,3,6,False,True,True,Climber,6,0.0047169811320754715
Radial,3,6,False,True,True,Large Forb/Herb,0,0.37735849056603776
Radial,3,6,False,True,True,Large Forb/Herb,3,0.0
Radial,3,6,False,True,True,Large Forb/Herb,6,0.4716981132075472
Radial,3,6,False,True,True,Medium Forb/Herb,0,0.05188679245283019
Radial,3,6,False,True,True,Medium Forb/Herb,3,0.0
Radial,3,6,False,True,True,Medium Forb/Herb,6,0.05188679245283019
Radial,3,6,False,True,True,Medium Non-tufted grass/sedge,0,0.009433962264150943
Radial,3,6,False,True,True,Medium Non-tufted grass/sedge,3,0.0
Radial,3,6,False,True,True,Medium Non-tufted grass/sedge,6,0.009433962264150943
Radial,3,6,False,True,True,Prostrate or Mat-forming Forb/Herb,0,0.0047169811320754715
Radial,3,6,False,True,True,Prostrate or Mat-forming Forb/Herb,3,0.0
Radial,3,6,False,True,True,Prostrate or Mat-forming Forb/Herb,6,0.0
Radial,3,6,False,True,True,Small Tufted grass/sedge,0,0.0047169811320754715
Radial,3,6,False,True,True,Small Tufted grass/sedge,3,0.0
Radial,3,6,False,True,True,Small Tufted grass/sedge,6,0.0047169811320754715
Radial,3,7,False,False,False,Large Forb/Herb,0,0.21052631578947367
Radial,3,7,False,False,False,Large Forb/Herb,3,0.0
Radial,3,7,False,False,False,Large Forb/Herb,6,0.10526315789473684
Radial,3,7,False,False,False,Medium Forb/Herb,0,0.15789473684210525
Radial,3,7,False,False,False,Medium Forb/Herb,3,0.0
Radial,3,7,False,False,False,Medium Forb/Herb,6,0.15789473684210525
Radial,3,7,False,False,False,Medium Tufted grass/sedge,0,0.05263157894736842
Radial,3,7,False,False,False,Medium Tufted grass/sedge,3,0.0
Radial,3,7,False,False,False,Medium Tufted grass/sedge,6,0.10526315789473684
Radial,3,7,False,False,False,Prostrate or Mat-forming Forb/Herb,0,0.10526315789473684
Radial,3,7,False,False,False,Prostrate or Mat-forming Forb/Herb,3,0.0
Radial,3,7,False,False,False,Prostrate or Mat-forming Forb/Herb,6,0.0
Radial,3,7,False,False,False,Small Non-tufted grass/sedge,0,0.05263157894736842
Radial,3,7,False,False,False,Small Non-tufted grass/sedge,3,0.0
Radial,3,7,False,False,False,Small Non-tufted grass/sedge,6,0.0
Radial,3,7,False,False,False,Small Tufted grass/sedge,0,0.05263157894736842
Radial,3,7,False,False,False,Small Tufted grass/sedge,3,0.0
Radial,3,7,False,False,False,Small Tufted grass/sedge,6,0.0
Radial,3,7,False,False,True,Climber,0,0.004347826086956522
Radial,3,7,False,False,True,Climber,3,0.0
Radial,3,7,False,False,True,Climber,6,0.004347826086956522
Radial,3,7,False,False,True,Large Forb/Herb,0,0.2608695652173913
Radial,3,7,False,False,True,Large Forb/Herb,3,0.0
Radial,3,7,False,False,True,Large Forb/Herb,6,0.34782608695652173
Radial,3,7,False,False,True,Medium Forb/Herb,0,0.013043478260869565
Radial,3,7,False,False,True,Medium Forb/Herb,3,0.0
Radial,3,7,False,False,True,Medium Forb/Herb,6,0.013043478260869565
Radial,3,7,False,False,True,Medium Non-tufted grass/sedge,0,0.34782608695652173
Radial,3,7,False,False,True,Medium Non-tufted grass/sedge,3,0.0
Radial,3,7,False,False,True,Medium Non-tufted grass/sedge,6,0.008695652173913044
Radial,3,8,False,False,False,Large Forb/Herb,0,0.07407407407407407
Radial,3,8,False,False,False,Large Forb/Herb,3,0.0
Radial,3,8,False,False,False,Large Forb/Herb,6,0.037037037037037035
Radial,3,8,False,False,False,Medium Forb/Herb,0,0.1111111111111111
Radial,3,8,False,False,False,Medium Forb/Herb,3,0.0
Radial,3,8,False,False,False,Medium Forb/Herb,6,0.4074074074074074
Radial,3,8,False,False,False,Medium Non-tufted grass/sedge,0,0.0
Radial,3,8,False,False,False,Medium Non-tufted grass/sedge,3,0.0
Radial,3,8,False,False,False,Medium Non-tufted grass/sedge,6,0.037037037037037035
Radial,3,8,False,False,False,Medium Tufted grass/sedge,0,0.07407407407407407
Radial,3,8,False,False,False,Medium Tufted grass/sedge,3,0.0
Radial,3,8,False,False,False,Medium Tufted grass/sedge,6,0.0
Radial,3,8,False,False,False,Prostrate or Mat-forming Forb/Herb,0,0.07407407407407407
Radial,3,8,False,False,False,Prostrate or Mat-forming Forb/Herb,3,0.0
Radial,3,8,False,False,False,Prostrate or Mat-forming Forb/Herb,6,0.1111111111111111
Radial,3,8,False,False,False,Small Tufted grass/sedge,0,0.037037037037037035
Radial,3,8,False,False,False,Small Tufted grass/sedge,3,0.0
Radial,3,8,False,False,False,Small Tufted grass/sedge,6,0.037037037037037035
Radial,3,8,False,False,True,Large Forb/Herb,0,0.5645161290322581
Radial,3,8,False,False,True,Large Forb/Herb,3,0.0
Radial,3,8,False,False,True,Large Forb/Herb,6,0.40725806451612906
Radial,3,8,False,False,True,Medium Forb/Herb,0,0.004032258064516129
Radial,3,8,False,False,True,Medium Forb/Herb,3,0.0
Radial,3,8,False,False,True,Medium Forb/Herb,6,0.012096774193548387
Radial,3,8,False,False,True,Medium Non-tufted grass/sedge,0,0.004032258064516129
Radial,3,8,False,False,True,Medium Non-tufted grass/sedge,3,0.0
Radial,3,8,False,False,True,Medium Non-tufted grass/sedge,6,0.004032258064516129
Radial,3,8,False,False,True,Prostrate or Mat-forming Forb/Herb,0,0.004032258064516129
Radial,3,8,False,False,True,Prostrate or Mat-forming Forb/Herb,3,0.0
Radial,3,8,False,False,True,Prostrate or Mat-forming Forb/Herb,6,0.0
Radial,3,9,False,True,False,Large Forb/Herb,0,0.01680672268907563
Radial,3,9,False,True,False,Large Forb/Herb,3,0.0
Radial,3,9,False,True,False,Large Forb/Herb,6,0.008403361344537815
Radial,3,9,False,True,False,Medium Forb/Herb,0,0.058823529411764705
Radial,3,9,False,True,False,Medium Forb/Herb,3,0.0
Radial,3,9,False,True,False,Medium Forb/Herb,6,0.025210084033613446
Radial,3,9,False,True,False,Medium Tufted grass/sedge,0,0.33613445378151263
Radial,3,9,False,True,False,Medium Tufted grass/sedge,3,0.0
Radial,3,9,False,True,False,Medium Tufted grass/sedge,6,0.0
Radial,3,9,False,True,False,Prostrate or Mat-forming Forb/Herb,0,0.01680672268907563
Radial,3,9,False,True,False,Prostrate or Mat-forming Forb/Herb,3,0.0
Radial,3,9,False,True,False,Prostrate or Mat-forming Forb/Herb,6,0.01680672268907563
Radial,3,9,False,True,False,Small Non-tufted grass/sedge,0,0.008403361344537815
Radial,3,9,False,True,False,Small Non-tufted grass/sedge,3,0.0
Radial,3,9,False,True,False,Small Non-tufted grass/sedge,6,0.0
Radial,3,9,False,True,False,Small Tufted grass/sedge,0,0.5126050420168067
Radial,3,9,False,True,False,Small Tufted grass/sedge,3,0.0
Radial,3,9,False,True,False,Small Tufted grass/sedge,6,0.0
Radial,3,9,False,True,True,Climber,0,0.011363636363636364
Radial,3,9,False,True,True,Climber,3,0.0
Radial,3,9,False,True,True,Climber,6,0.011363636363636364
Radial,3,9,False,True,True,Large Forb/Herb,0,0.45454545454545453
Radial,3,9,False,True,True,Large Forb/Herb,3,0.0
Radial,3,9,False,True,True,Large Forb/Herb,6,0.45454545454545453
Radial,3,9,False,True,True,Medium Forb/Herb,0,0.011363636363636364
Radial,3,9,False,True,True,Medium Forb/Herb,3,0.0
Radial,3,9,False,True,True,Medium Forb/Herb,6,0.011363636363636364
Radial,3,9,False,True,True,Medium Non-tufted grass/sedge,0,0.022727272727272728
Radial,3,9,False,True,True,Medium Non-tufted grass/sedge,3,0.0
Radial,3,9,False,True,True,Medium Non-tufted grass/sedge,6,0.0
Radial,3,9,False,True,True,Prostrate or Mat-forming Forb/Herb,0,0.0
Radial,3,9,False,True,True,Prostrate or Mat-forming Forb/Herb,3,0.0
Radial,3,9,False,True,True,Prostrate or Mat-forming Forb/Herb,6,0.011363636363636364
Radial,3,9,False,True,True,Small Tufted grass/sedge,0,0.0
Radial,3,9,False,True,True,Small Tufted grass/sedge,3,0.0
Radial,3,9,False,True,True,Small Tufted grass/sedge,6,0.011363636363636364
Radial,3,10,False,True,False,Large Forb/Herb,0,0.06451612903225806
Radial,3,10,False,True,False,Large Forb/Herb,3,0.0
Radial,3,10,False,True,False,Large Forb/Herb,6,0.016129032258064516
Radial,3,10,False,True,False,Medium Forb/Herb,0,0.06451612903225806
Radial,3,10,False,True,False,Medium Forb/Herb,3,0.0
Radial,3,10,False,True,False,Medium Forb/Herb,6,0.08064516129032258
Radial,3,10,False,True,False,Prostrate or Mat-forming Forb/Herb,0,0.016129032258064516
Radial,3,10,False,True,False,Prostrate or Mat-forming Forb/Herb,3,0.0
Radial,3,10,False,True,False,Prostrate or Mat-forming Forb/Herb,6,0.04838709677419355
Radial,3,10,False,True,False,Small Non-tufted grass/sedge,0,0.016129032258064516
Radial,3,10,False,True,False,Small Non-tufted grass/sedge,3,0.0
Radial,3,10,False,True,False,Small Non-tufted grass/sedge,6,0.016129032258064516
Radial,3,10,False,True,False,Small Tufted grass/sedge,0,0.6612903225806451
Radial,3,10,False,True,False,Small Tufted grass/sedge,3,0.0
Radial,3,10,False,True,False,Small Tufted grass/sedge,6,0.016129032258064516
Radial,3,10,False,True,True,Large Forb/Herb,0,0.02857142857142857
Radial,3,10,False,True,True,Large Forb/Herb,3,0.0
Radial,3,10,False,True,True,Large Forb/Herb,6,0.5714285714285714
Radial,3,10,False,True,True,Medium Forb/Herb,0,0.0
Radial,3,10,False,True,True,Medium Forb/Herb,3,0.0
Radial,3,10,False,True,True,Medium Forb/Herb,6,0.02857142857142857
Radial,3,10,False,True,True,Medium Non-tufted grass/sedge,0,0.02857142857142857
Radial,3,10,False,True,True,Medium Non-tufted grass/sedge,3,0.0
Radial,3,10,False,True,True,Medium Non-tufted grass/sedge,6,0.02857142857142857
Radial,3,10,False,True,True,Prostrate or Mat-forming Forb/Herb,0,0.2857142857142857
Radial,3,10,False,True,True,Prostrate or Mat-forming Forb/Herb,3,0.0
Radial,3,10,False,True,True,Prostrate or Mat-forming Forb/Herb,6,0.0
Radial,3,10,False,True,True,Small Tufted grass/sedge,0,0.0
Radial,3,10,False,True,True,Small Tufted grass/sedge,3,0.0
Radial,3,10,False,True,True,Small Tufted grass/sedge,6,0.02857142857142857
Radial,3,11,False,True,False,Large Forb/Herb,0,0.06666666666666667
Radial,3,11,False,True,False,Large Forb/Herb,3,0.0
Radial,3,11,False,True,False,Large Forb/Herb,6,0.03333333333333333
Radial,3,11,False,True,False,Large Tufted grass/sedge,0,0.03333333333333333
Radial,3,11,False,True,False,Large Tufted grass/sedge,3,0.0
Radial,3,11,False,True,False,Large Tufted grass/sedge,6,0.0
Radial,3,11,False,True,False,Medium Forb/Herb,0,0.03333333333333333
Radial,3,11,False,True,False,Medium Forb/Herb,3,0.0
Radial,3,11,False,True,False,Medium Forb/Herb,6,0.06666666666666667
Radial,3,11,False,True,False,Medium Tufted grass/sedge,0,0.0
Radial,3,11,False,True,False,Medium Tufted grass/sedge,3,0.0
Radial,3,11,False,True,False,Medium Tufted grass/sedge,6,0.03333333333333333
Radial,3,11,False,True,False,Prostrate or Mat-forming Forb/Herb,0,0.0
Radial,3,11,False,True,False,Prostrate or Mat-forming Forb/Herb,3,0.0
Radial,3,11,False,True,False,Prostrate or Mat-forming Forb/Herb,6,0.06666666666666667
Radial,3,11,False,True,False,Small Tufted grass/sedge,0,0.6666666666666666
Radial,3,11,False,True,False,Small Tufted grass/sedge,3,0.0
Radial,3,11,False,True,False,Small Tufted grass/sedge,6,0.0
Radial,3,11,False,True,True,Large Forb/Herb,0,0.21390374331550802
Radial,3,11,False,True,True,Large Forb/Herb,3,0.0
Radial,3,11,False,True,True,Large Forb/Herb,6,0.5347593582887701
Radial,3,11,False,True,True,Medium Forb/Herb,0,0.0106951871657754
Radial,3,11,False,True,True,Medium Forb/Herb,3,0.0
Radial,3,11,False,True,True,Medium Forb/Herb,6,0.0053475935828877
Radial,3,11,False,True,True,Medium Non-tufted grass/sedge,0,0.0106951871657754
Radial,3,11,False,True,True,Medium Non-tufted grass/sedge,3,0.0
Radial,3,11,False,True,True,Medium Non-tufted grass/sedge,6,0.0053475935828877
Radial,3,11,False,True,True,Prostrate or Mat-forming Forb/Herb,0,0.21390374331550802
Radial,3,11,False,True,True,Prostrate or Mat-forming Forb/Herb,3,0.0
Radial,3,11,False,True,True,Prostrate or Mat-forming Forb/Herb,6,0.0
Radial,3,11,False,True,True,Small Tufted grass/sedge,0,0.0
Radial,3,11,False,True,True,Small Tufted grass/sedge,3,0.0
Radial,3,11,False,True,True,Small Tufted grass/sedge,6,0.0053475935828877
Radial,3,12,False,False,False,Large Forb/Herb,0,0.08695652173913043
Radial,3,12,False,False,False,Large Forb/Herb,3,0.0
Radial,3,12,False,False,False,Large Forb/Herb,6,0.08695652173913043
Radial,3,12,False,False,False,Medium Forb/Herb,0,0.21739130434782608
Radial,3,12,False,False,False,Medium Forb/Herb,3,0.0
Radial,3,12,False,False,False,Medium Forb/Herb,6,0.17391304347826086
Radial,3,12,False,False,False,Medium Tufted grass/sedge,0,0.043478260869565216
Radial,3,12,False,False,False,Medium Tufted grass/sedge,3,0.0
Radial,3,12,False,False,False,Medium Tufted grass/sedge,6,0.0
Radial,3,12,False,False,False,Prostrate or Mat-forming Forb/Herb,0,0.0
Radial,3,12,False,False,False,Prostrate or Mat-forming Forb/Herb,3,0.0
Radial,3,12,False,False,False,Prostrate or Mat-forming Forb/Herb,6,0.043478260869565216
Radial,3,12,False,False,False,Small Non-tufted grass/sedge,0,0.043478260869565216
Radial,3,12,False,False,False,Small Non-tufted grass/sedge,3,0.0
Radial,3,12,False,False,False,Small Non-tufted grass/sedge,6,0.08695652173913043
Radial,3,12,False,False,False,Small Tufted grass/sedge,0,0.13043478260869565
Radial,3,12,False,False,False,Small Tufted grass/sedge,3,0.0
Radial,3,12,False,False,False,Small Tufted grass/sedge,6,0.08695652173913043
Radial,3,12,False,False,True,Climber,0,0.009345794392523364
Radial,3,12,False,False,True,Climber,3,0.0
Radial,3,12,False,False,True,Climber,6,0.0
Radial,3,12,False,False,True,Large Forb/Herb,0,0.5607476635514018
Radial,3,12,False,False,True,Large Forb/Herb,3,0.0
Radial,3,12,False,False,True,Large Forb/Herb,6,0.37383177570093457
Radial,3,12,False,False,True,Medium Forb/Herb,0,0.0
Radial,3,12,False,False,True,Medium Forb/Herb,3,0.0
Radial,3,12,False,False,True,Medium Forb/Herb,6,0.009345794392523364
Radial,3,12,False,False,True,Medium Non-tufted grass/sedge,0,0.018691588785046728
Radial,3,12,False,False,True,Medium Non-tufted grass/sedge,3,0.0
Radial,3,12,False,False,True,Medium Non-tufted grass/sedge,6,0.009345794392523364
Radial,3,12,False,False,True,Tufted Ground Fern,0,0.009345794392523364
Radial,3,12,False,False,True,Tufted Ground Fern,3,0.0
Radial,3,12,False,False,True,Tufted Ground Fern,6,0.009345794392523364
Radial,3,13,False,True,False,Large Forb/Herb,0,0.26666666666666666
Radial,3,13,False,True,False,Large Forb/Herb,3,0.0
Radial,3,13,False,True,False,Large Forb/Herb,6,0.0
Radial,3,13,False,True,False,Medium Forb/Herb,0,0.13333333333333333
Radial,3,13,False,True,False,Medium Forb/Herb,3,0.0
Radial,3,13,False,True,False,Medium Forb/Herb,6,0.0
Radial,3,13,False,True,False,Medium Tufted grass/sedge,0,0.13333333333333333
Radial,3,13,False,True,False,Medium Tufted grass/sedge,3,0.0
Radial,3,13,False,True,False,Medium Tufted grass/sedge,6,0.06666666666666667
Radial,3,13,False,True,False,Prostrate or Mat-forming Forb/Herb,0,0.06666666666666667
Radial,3,13,False,True,False,Prostrate or Mat-forming Forb/Herb,3,0.0
Radial,3,13,False,True,False,Prostrate or Mat-forming Forb/Herb,6,0.13333333333333333
Radial,3,13,False,True,False,Small Non-tufted grass/sedge,0,0.06666666666666667
Radial,3,13,False,True,False,Small Non-tufted grass/sedge,3,0.0
Radial,3,13,False,True,False,Small Non-tufted grass/sedge,6,0.06666666666666667
Radial,3,13,False,True,False,Small Tufted grass/sedge,0,0.06666666666666667
Radial,3,13,False,True,False,Small Tufted grass/sedge,3,0.0
Radial,3,13,False,True,False,Small Tufted grass/sedge,6,0.0
Radial,3,13,False,True,True,Climber,0,0.0037593984962406013
Radial,3,13,False,True,True,Climber,3,0.0
Radial,3,13,False,True,True,Climber,6,0.0
Radial,3,13,False,True,True,Large Forb/Herb,0,0.37593984962406013
Radial,3,13,False,True,True,Large Forb/Herb,3,0.0
Radial,3,13,False,True,True,Large Forb/Herb,6,0.5263157894736842
Radial,3,13,False,True,True,Medium Forb/Herb,0,0.0
Radial,3,13,False,True,True,Medium Forb/Herb,3,0.0
Radial,3,13,False,True,True,Medium Forb/Herb,6,0.0037593984962406013
Radial,3,13,False,True,True,Medium Non-tufted grass/sedge,0,0.0037593984962406013
Radial,3,13,False,True,True,Medium Non-tufted grass/sedge,3,0.0
Radial,3,13,False,True,True,Medium Non-tufted grass/sedge,6,0.0037593984962406013
Radial,3,13,False,True,True,Prostrate or Mat-forming Forb/Herb,0,0.07518796992481203
Radial,3,13,False,True,True,Prostrate or Mat-forming Forb/Herb,3,0.0
Radial,3,13,False,True,True,Prostrate or Mat-forming Forb/Herb,6,0.0037593984962406013
Radial,3,13,False,True,True,Small Tufted grass/sedge,0,0.0
Radial,3,13,False,True,True,Small Tufted grass/sedge,3,0.0
Radial,3,13,False,True,True,Small Tufted grass/sedge,6,0.0037593984962406013
Radial,3,14,False,True,False,Large Forb/Herb,0,0.08333333333333333
Radial,3,14,False,True,False,Large Forb/Herb,3,0.0
Radial,3,14,False,True,False,Large Forb/Herb,6,0.041666666666666664
Radial,3,14,False,True,False,Medium Forb/Herb,0,0.0
Radial,3,14,False,True,False,Medium Forb/Herb,3,0.0
Radial,3,14,False,True,False,Medium Forb/Herb,6,0.16666666666666666
Radial,3,14,False,True,False,Prostrate or Mat-forming Forb/Herb,0,0.125
Radial,3,14,False,True,False,Prostrate or Mat-forming Forb/Herb,3,0.0
Radial,3,14,False,True,False,Prostrate or Mat-forming Forb/Herb,6,0.125
Radial,3,14,False,True,False,Small Non-tufted grass/sedge,0,0.0
Radial,3,14,False,True,False,Small Non-tufted grass/sedge,3,0.0
Radial,3,14,False,True,False,Small Non-tufted grass/sedge,6,0.041666666666666664
Radial,3,14,False,True,False,Small Tufted grass/sedge,0,0.4166666666666667
Radial,3,14,False,True,False,Small Tufted grass/sedge,3,0.0
Radial,3,14,False,True,False,Small Tufted grass/sedge,6,0.0
Radial,3,14,False,True,True,Large Forb/Herb,0,0.16877637130801687
Radial,3,14,False,True,True,Large Forb/Herb,3,0.0
Radial,3,14,False,True,True,Large Forb/Herb,6,0.5063291139240507
Radial,3,14,False,True,True,Medium Forb/Herb,0,0.008438818565400843
Radial,3,14,False,True,True,Medium Forb/Herb,3,0.0
Radial,3,14,False,True,True,Medium Forb/Herb,6,0.004219409282700422
Radial,3,14,False,True,True,Medium Non-tufted grass/sedge,0,0.04219409282700422
Radial,3,14,False,True,True,Medium Non-tufted grass/sedge,3,0.0
Radial,3,14,False,True,True,Medium Non-tufted grass/sedge,6,0.008438818565400843
Radial,3,14,False,True,True,Prostrate or Mat-forming Forb/Herb,0,0.25316455696202533
Radial,3,14,False,True,True,Prostrate or Mat-forming Forb/Herb,3,0.0
Radial,3,14,False,True,True,Prostrate or Mat-forming Forb/Herb,6,0.0
Radial,3,14,False,True,True,Small Tufted grass/sedge,0,0.0
Radial,3,14,False,True,True,Small Tufted grass/sedge,3,0.0
Radial,3,14,False,True,True,Small Tufted grass/sedge,6,0.008438818565400843
Radial,3,15,False,False,False,Large Forb/Herb,0,0.16666666666666666
Radial,3,15,False,False,False,Large Forb/Herb,3,0.0
Radial,3,15,False,False,False,Large Forb/Herb,6,0.1111111111111111
Radial,3,15,False,False,False,Medium Forb/Herb,0,0.1111111111111111
Radial,3,15,False,False,False,Medium Forb/Herb,3,0.0
Radial,3,15,False,False,False,Medium Forb/Herb,6,0.16666666666666666
Radial,3,15,False,False,False,Medium Tufted grass/sedge,0,0.05555555555555555
Radial,3,15,False,False,False,Medium Tufted grass/sedge,3,0.0
Radial,3,15,False,False,False,Medium Tufted grass/sedge,6,0.05555555555555555
Radial,3,15,False,False,False,Prostrate or Mat-forming Forb/Herb,0,0.0
Radial,3,15,False,False,False,Prostrate or Mat-forming Forb/Herb,3,0.0
Radial,3,15,False,False,False,Prostrate or Mat-forming Forb/Herb,6,0.16666666666666666
Radial,3,15,False,False,False,Small Non-tufted grass/sedge,0,0.05555555555555555
Radial,3,15,False,False,False,Small Non-tufted grass/sedge,3,0.0
Radial,3,15,False,False,False,Small Non-tufted grass/sedge,6,0.0
Radial,3,15,False,False,False,Small Tufted grass/sedge,0,0.1111111111111111
Radial,3,15,False,False,False,Small Tufted grass/sedge,3,0.0
Radial,3,15,False,False,False,Small Tufted grass/sedge,6,0.0
Radial,3,15,False,False,True,Large Forb/Herb,0,0.47337278106508873
Radial,3,15,False,False,True,Large Forb/Herb,3,0.0
Radial,3,15,False,False,True,Large Forb/Herb,6,0.35502958579881655
Radial,3,15,False,False,True,Medium Forb/Herb,0,0.0
Radial,3,15,False,False,True,Medium Forb/Herb,3,0.0
Radial,3,15,False,False,True,Medium Forb/Herb,6,0.023668639053254437
Radial,3,15,False,False,True,Medium Non-tufted grass/sedge,0,0.011834319526627219
Radial,3,15,False,False,True,Medium Non-tufted grass/sedge,3,0.0
Radial,3,15,False,False,True,Medium Non-tufted grass/sedge,6,0.011834319526627219
Radial,3,15,False,False,True,Prostrate or Mat-forming Forb/Herb,0,0.11834319526627218
Radial,3,15,False,False,True,Prostrate or Mat-forming Forb/Herb,3,0.0
Radial,3,15,False,False,True,Prostrate or Mat-forming Forb/Herb,6,0.0
Radial,3,15,False,False,True,Small Tufted grass/sedge,0,0.0
Radial,3,15,False,False,True,Small Tufted grass/sedge,3,0.0
Radial,3,15,False,False,True,Small Tufted grass/sedge,6,0.005917159763313609
Radial,3,16,False,True,False,Large Forb/Herb,0,0.046511627906976744
Radial,3,16,False,True,False,Large Forb/Herb,3,0.0
Radial,3,16,False,True,False,Large Forb/Herb,6,0.0
Radial,3,16,False,True,False,Medium Forb/Herb,0,0.046511627906976744
Radial,3,16,False,True,False,Medium Forb/Herb,3,0.0
Radial,3,16,False,True,False,Medium Forb/Herb,6,0.09302325581395349
Radial,3,16,False,True,False,Prostrate or Mat-forming Forb/Herb,0,0.046511627906976744
Radial,3,16,False,True,False,Prostrate or Mat-forming Forb/Herb,3,0.0
Radial,3,16,False,True,False,Prostrate or Mat-forming Forb/Herb,6,0.2558139534883721
Radial,3,16,False,True,False,Small Tufted grass/sedge,0,0.46511627906976744
Radial,3,16,False,True,False,Small Tufted grass/sedge,3,0.0
Radial,3,16,False,True,False,Small Tufted grass/sedge,6,0.046511627906976744
Radial,3,16,False,True,True,Climber,0,0.00847457627118644
Radial,3,16,False,True,True,Climber,3,0.0
Radial,3,16,False,True,True,Climber,6,0.00847457627118644
Radial,3,16,False,True,True,Large Forb/Herb,0,0.0847457627118644
Radial,3,16,False,True,True,Large Forb/Herb,3,0.0
Radial,3,16,False,True,True,Large Forb/Herb,6,0.3389830508474576
Radial,3,16,False,True,True,Medium Forb/Herb,0,0.0
Radial,3,16,False,True,True,Medium Forb/Herb,3,0.0
Radial,3,16,False,True,True,Medium Forb/Herb,6,0.01694915254237288
Radial,3,16,False,True,True,Medium Non-tufted grass/sedge,0,0.1694915254237288
Radial,3,16,False,True,True,Medium Non-tufted grass/sedge,3,0.0
Radial,3,16,False,True,True,Medium Non-tufted grass/sedge,6,0.01694915254237288
Radial,3,16,False,True,True,Prostrate or Mat-forming Forb/Herb,0,0.3389830508474576
Radial,3,16,False,True,True,Prostrate or Mat-forming Forb/Herb,3,0.0
Radial,3,16,False,True,True,Prostrate or Mat-forming Forb/Herb,6,0.01694915254237288
Radial,5,1,False,False,False,Large Forb/Herb,0,0.04
Radial,5,1,False,False,False,Large Forb/Herb,3,0.02
Radial,5,1,False,False,False,Large Forb/Herb,6,0.04
Radial,5,1,False,False,False,Large Tufted grass/sedge,0,0.04
Radial,5,1,False,False,False,Large Tufted grass/sedge,3,0.04
Radial,5,1,False,False,False,Large Tufted grass/sedge,6,0.0
Radial,5,1,False,False,False,Medium Forb/Herb,0,0.1
Radial,5,1,False,False,False,Medium Forb/Herb,3,0.1
Radial,5,1,False,False,False,Medium Forb/Herb,6,0.06
Radial,5,1,False,False,False,Medium Tufted grass/sedge,0,0.04
Radial,5,1,False,False,False,Medium Tufted grass/sedge,3,0.02
Radial,5,1,False,False,False,Medium Tufted grass/sedge,6,0.06
Radial,5,1,False,False,False,Prostrate or Mat-forming Forb/Herb,0,0.02
Radial,5,1,False,False,False,Prostrate or Mat-forming Forb/Herb,3,0.2
Radial,5,1,False,False,False,Prostrate or Mat-forming Forb/Herb,6,0.04
Radial,5,1,False,False,False,Small Non-tufted grass/sedge,0,0.02
Radial,5,1,False,False,False,Small Non-tufted grass/sedge,3,0.04
Radial,5,1,False,False,False,Small Non-tufted grass/sedge,6,0.02
Radial,5,1,False,False,False,Small Tufted grass/sedge,0,0.04
Radial,5,1,False,False,False,Small Tufted grass/sedge,3,0.04
Radial,5,1,False,False,False,Small Tufted grass/sedge,6,0.02
Radial,5,1,False,False,True,Large Forb/Herb,0,0.28846153846153844
Radial,5,1,False,False,True,Large Forb/Herb,3,0.38461538461538464
Radial,5,1,False,False,True,Large Forb/Herb,6,0.28846153846153844
Radial,5,1,False,False,True,Medium Forb/Herb,0,0.004807692307692308
Radial,5,1,False,False,True,Medium Forb/Herb,3,0.0
Radial,5,1,False,False,True,Medium Forb/Herb,6,0.009615384615384616
Radial,5,1,False,False,True,Medium Non-tufted grass/sedge,0,0.004807692307692308
Radial,5,1,False,False,True,Medium Non-tufted grass/sedge,3,0.004807692307692308
Radial,5,1,False,False,True,Medium Non-tufted grass/sedge,6,0.004807692307692308
Radial,5,1,False,False,True,Prostrate or Mat-forming Forb/Herb,0,0.0
Radial,5,1,False,False,True,Prostrate or Mat-forming Forb/Herb,3,0.004807692307692308
Radial,5,1,False,False,True,Prostrate or Mat-forming Forb/Herb,6,0.004807692307692308
Radial,5,2,False,False,False,Large Forb/Herb,0,0.10526315789473684
Radial,5,2,False,False,False,Large Forb/Herb,3,0.0
Radial,5,2,False,False,False,Large Forb/Herb,6,0.05263157894736842
Radial,5,2,False,False,False,Medium Forb/Herb,0,0.10526315789473684
Radial,5,2,False,False,False,Medium Forb/Herb,3,0.05263157894736842
Radial,5,2,False,False,False,Medium Forb/Herb,6,0.13157894736842105
Radial,5,2,False,False,False,Medium Non-tufted grass/sedge,0,0.0
Radial,5,2,False,False,False,Medium Non-tufted grass/sedge,3,0.0
Radial,5,2,False,False,False,Medium Non-tufted grass/sedge,6,0.02631578947368421
Radial,5,2,False,False,False,Medium Tufted grass/sedge,0,0.0
Radial,5,2,False,False,False,Medium Tufted grass/sedge,3,0.02631578947368421
Radial,5,2,False,False,False,Medium Tufted grass/sedge,6,0.0
Radial,5,2,False,False,False,Non-tufted Ground Fern,0,0.02631578947368421
Radial,5,2,False,False,False,Non-tufted Ground Fern,3,0.05263157894736842
Radial,5,2,False,False,False,Non-tufted Ground Fern,6,0.05263157894736842
Radial,5,2,False,False,False,Prostrate or Mat-forming Forb/Herb,0,0.02631578947368421
Radial,5,2,False,False,False,Prostrate or Mat-forming Forb/Herb,3,0.05263157894736842
Radial,5,2,False,False,False,Prostrate or Mat-forming Forb/Herb,6,0.07894736842105263
Radial,5,2,False,False,False,Small Non-tufted grass/sedge,0,0.02631578947368421
Radial,5,2,False,False,False,Small Non-tufted grass/sedge,3,0.02631578947368421
Radial,5,2,False,False,False,Small Non-tufted grass/sedge,6,0.02631578947368421
Radial,5,2,False,False,False,Small Tufted grass/sedge,0,0.07894736842105263
Radial,5,2,False,False,False,Small Tufted grass/sedge,3,0.0
Radial,5,2,False,False,False,Small Tufted grass/sedge,6,0.05263157894736842
Radial,5,2,False,False,True,Large Forb/Herb,0,0.38961038961038963
Radial,5,2,False,False,True,Large Forb/Herb,3,0.2597402597402597
Radial,5,2,False,False,True,Large Forb/Herb,6,0.2597402597402597
Radial,5,2,False,False,True,Large Tufted grass/sedge,0,0.006493506493506494
Radial,5,2,False,False,True,Large Tufted grass/sedge,3,0.0
Radial,5,2,False,False,True,Large Tufted grass/sedge,6,0.006493506493506494
Radial,5,2,False,False,True,Medium Forb/Herb,0,0.006493506493506494
Radial,5,2,False,False,True,Medium Forb/Herb,3,0.012987012987012988
Radial,5,2,False,False,True,Medium Forb/Herb,6,0.012987012987012988
Radial,5,2,False,False,True,Medium Non-tufted grass/sedge,0,0.012987012987012988
Radial,5,2,False,False,True,Medium Non-tufted grass/sedge,3,0.006493506493506494
Radial,5,2,False,False,True,Medium Non-tufted grass/sedge,6,0.006493506493506494
Radial,5,2,False,False,True,Prostrate or Mat-forming Forb/Herb,0,0.0
Radial,5,2,False,False,True,Prostrate or Mat-forming Forb/Herb,3,0.012987012987012988
Radial,5,2,False,False,True,Prostrate or Mat-forming Forb/Herb,6,0.006493506493506494
Radial,5,3,False,True,False,Large Forb/Herb,0,0.05357142857142857
Radial,5,3,False,True,False,Large Forb/Herb,3,0.0
Radial,5,3,False,True,False,Large Forb/Herb,6,0.03571428571428571
Radial,5,3,False,True,False,Medium Forb/Herb,0,0.10714285714285714
Radial,5,3,False,True,False,Medium Forb/Herb,3,0.10714285714285714
Radial,5,3,False,True,False,Medium Forb/Herb,6,0.017857142857142856
Radial,5,3,False,True,False,Medium Non-tufted grass/sedge,0,0.0
Radial,5,3,False,True,False,Medium Non-tufted grass/sedge,3,0.0
Radial,5,3,False,True,False,Medium Non-tufted grass/sedge,6,0.017857142857142856
Radial,5,3,False,True,False,Medium Tufted grass/sedge,0,0.03571428571428571
Radial,5,3,False,True,False,Medium Tufted grass/sedge,3,0.0
Radial,5,3,False,True,False,Medium Tufted grass/sedge,6,0.017857142857142856
Radial,5,3,False,True,False,Non-tufted Ground Fern,0,0.0
Radial,5,3,False,True,False,Non-tufted Ground Fern,3,0.017857142857142856
Radial,5,3,False,True,False,Non-tufted Ground Fern,6,0.017857142857142856
Radial,5,3,False,True,False,Prostrate or Mat-forming Forb/Herb,0,0.017857142857142856
Radial,5,3,False,True,False,Prostrate or Mat-forming Forb/Herb,3,0.375
Radial,5,3,False,True,False,Prostrate or Mat-forming Forb/Herb,6,0.03571428571428571
Radial,5,3,False,True,False,Small Non-tufted grass/sedge,0,0.017857142857142856
Radial,5,3,False,True,False,Small Non-tufted grass/sedge,3,0.0
Radial,5,3,False,True,False,Small Non-tufted grass/sedge,6,0.017857142857142856
Radial,5,3,False,True,False,Small Tufted grass/sedge,0,0.05357142857142857
Radial,5,3,False,True,False,Small Tufted grass/sedge,3,0.017857142857142856
Radial,5,3,False,True,False,Small Tufted grass/sedge,6,0.03571428571428571
Radial,5,3,False,True,True,Climber,0,0.0072992700729927005
Radial,5,3,False,True,True,Climber,3,0.0
Radial,5,3,False,True,True,Climber,6,0.0072992700729927005
Radial,5,3,False,True,True,Large Forb/Herb,0,0.0072992700729927005
Radial,5,3,False,True,True,Large Forb/Herb,3,0.291970802919708
Radial,5,3,False,True,True,Large Forb/Herb,6,0.583941605839416
Radial,5,3,False,True,True,Large Tufted grass/sedge,0,0.0072992700729927005
Radial,5,3,False,True,True,Large Tufted grass/sedge,3,0.0072992700729927005
Radial,5,3,False,True,True,Large Tufted grass/sedge,6,0.0072992700729927005
Radial,5,3,False,True,True,Medium Forb/Herb,0,0.0
Radial,5,3,False,True,True,Medium Forb/Herb,3,0.014598540145985401
Radial,5,3,False,True,True,Medium Forb/Herb,6,0.014598540145985401
Radial,5,3,False,True,True,Medium Non-tufted grass/sedge,0,0.0072992700729927005
Radial,5,3,False,True,True,Medium Non-tufted grass/sedge,3,0.0072992700729927005
Radial,5,3,False,True,True,Medium Non-tufted grass/sedge,6,0.0072992700729927005
Radial,5,3,False,True,True,Prostrate or Mat-forming Forb/Herb,0,0.0072992700729927005
Radial,5,3,False,True,True,Prostrate or Mat-forming Forb/Herb,3,0.0072992700729927005
Radial,5,3,False,True,True,Prostrate or Mat-forming Forb/Herb,6,0.0072992700729927005
Radial,5,3,False,True,True,Small Tufted grass/sedge,0,0.0
Radial,5,3,False,True,True,Small Tufted grass/sedge,3,0.0
Radial,5,3,False,True,True,Small Tufted grass/sedge,6,0.0072992700729927005
Radial,5,4,False,True,False,Large Forb/Herb,0,0.07894736842105263
Radial,5,4,False,True,False,Large Forb/Herb,3,0.0
Radial,5,4,False,True,False,Large Forb/Herb,6,0.02631578947368421
Radial,5,4,False,True,False,Medium Forb/Herb,0,0.10526315789473684
Radial,5,4,False,True,False,Medium Forb/Herb,3,0.07894736842105263
Radial,5,4,False,True,False,Medium Forb/Herb,6,0.02631578947368421
Radial,5,4,False,True,False,Medium Non-tufted grass/sedge,0,0.0
Radial,5,4,False,True,False,Medium Non-tufted grass/sedge,3,0.0
Radial,5,4,False,True,False,Medium Non-tufted grass/sedge,6,0.05263157894736842
Radial,5,4,False,True,False,Medium Tufted grass/sedge,0,0.05263157894736842
Radial,5,4,False,True,False,Medium Tufted grass/sedge,3,0.07894736842105263
Radial,5,4,False,True,False,Medium Tufted grass/sedge,6,0.0
Radial,5,4,False,True,False,Non-tufted Ground Fern,0,0.05263157894736842
Radial,5,4,False,True,False,Non-tufted Ground Fern,3,0.05263157894736842
Radial,5,4,False,True,False,Non-tufted Ground Fern,6,0.02631578947368421
Radial,5,4,False,True,False,Prostrate or Mat-forming Forb/Herb,0,0.02631578947368421
Radial,5,4,False,True,False,Prostrate or Mat-forming Forb/Herb,3,0.05263157894736842
Radial,5,4,False,True,False,Prostrate or Mat-forming Forb/Herb,6,0.05263157894736842
Radial,5,4,False,True,False,Small Non-tufted grass/sedge,0,0.02631578947368421
Radial,5,4,False,True,False,Small Non-tufted grass/sedge,3,0.02631578947368421
Radial,5,4,False,True,False,Small Non-tufted grass/sedge,6,0.02631578947368421
Radial,5,4,False,True,False,Small Tufted grass/sedge,0,0.07894736842105263
Radial,5,4,False,True,False,Small Tufted grass/sedge,3,0.02631578947368421
Radial,5,4,False,True,False,Small Tufted grass/sedge,6,0.05263157894736842
Radial,5,4,False,True,True,Large Forb/Herb,0,0.3582089552238806
Radial,5,4,False,True,True,Large Forb/Herb,3,0.29850746268656714
Radial,5,4,False,True,True,Large Forb/Herb,6,0.29850746268656714
Radial,5,4,False,True,True,Large Tufted grass/sedge,0,0.0029850746268656717
Radial,5,4,False,True,True,Large Tufted grass/sedge,3,0.0029850746268656717
Radial,5,4,False,True,True,Large Tufted grass/sedge,6,0.0029850746268656717
Radial,5,4,False,True,True,Medium Forb/Herb,0,0.0029850746268656717
Radial,5,4,False,True,True,Medium Forb/Herb,3,0.0
Radial,5,4,False,True,True,Medium Forb/Herb,6,0.0029850746268656717
Radial,5,4,False,True,True,Medium Non-tufted grass/sedge,0,0.0029850746268656717
Radial,5,4,False,True,True,Medium Non-tufted grass/sedge,3,0.0029850746268656717
Radial,5,4,False,True,True,Medium Non-tufted grass/sedge,6,0.005970149253731343
Radial,5,4,False,True,True,Prostrate or Mat-forming Forb/Herb,0,0.005970149253731343
Radial,5,4,False,True,True,Prostrate or Mat-forming Forb/Herb,3,0.005970149253731343
Radial,5,4,False,True,True,Prostrate or Mat-forming Forb/Herb,6,0.005970149253731343
Radial,5,5,False,True,False,Large Forb/Herb,0,0.0392156862745098
Radial,5,5,False,True,False,Large Forb/Herb,3,0.0196078431372549
Radial,5,5,False,True,False,Large Forb/Herb,6,0.0
Radial,5,5,False,True,False,Medium Forb/Herb,0,0.11764705882352941
Radial,5,5,False,True,False,Medium Forb/Herb,3,0.09803921568627451
Radial,5,5,False,True,False,Medium Forb/Herb,6,0.09803921568627451
Radial,5,5,False,True,False,Prostrate or Mat-forming Forb/Herb,0,0.0196078431372549
Radial,5,5,False,True,False,Prostrate or Mat-forming Forb/Herb,3,0.0392156862745098
Radial,5,5,False,True,False,Prostrate or Mat-forming Forb/Herb,6,0.0392156862745098
Radial,5,5,False,True,False,Small Non-tufted grass/sedge,0,0.0196078431372549
Radial,5,5,False,True,False,Small Non-tufted grass/sedge,3,0.0
Radial,5,5,False,True,False,Small Non-tufted grass/sedge,6,0.0392156862745098
Radial,5,5,False,True,False,Small Tufted grass/sedge,0,0.39215686274509803
Radial,5,5,False,True,False,Small Tufted grass/sedge,3,0.0392156862745098
Radial,5,5,False,True,False,Small Tufted grass/sedge,6,0.0392156862745098
Radial,5,5,False,True,True,Large Forb/Herb,0,0.27972027972027974
Radial,5,5,False,True,True,Large Forb/Herb,3,0.27972027972027974
Radial,5,5,False,True,True,Large Forb/Herb,6,0.27972027972027974
Radial,5,5,False,True,True,Medium Forb/Herb,0,0.006993006993006993
Radial,5,5,False,True,True,Medium Forb/Herb,3,0.006993006993006993
Radial,5,5,False,True,True,Medium Forb/Herb,6,0.02097902097902098
Radial,5,5,False,True,True,Medium Non-tufted grass/sedge,0,0.013986013986013986
Radial,5,5,False,True,True,Medium Non-tufted grass/sedge,3,0.06993006993006994
Radial,5,5,False,True,True,Medium Non-tufted grass/sedge,6,0.006993006993006993
Radial,5,5,False,True,True,Prostrate or Mat-forming Forb/Herb,0,0.006993006993006993
Radial,5,5,False,True,True,Prostrate or Mat-forming Forb/Herb,3,0.006993006993006993
Radial,5,5,False,True,True,Prostrate or Mat-forming Forb/Herb,6,0.006993006993006993
Radial,5,5,False,True,True,Small Tufted grass/sedge,0,0.0
Radial,5,5,False,True,True,Small Tufted grass/sedge,3,0.0
Radial,5,5,False,True,True,Small Tufted grass/sedge,6,0.013986013986013986
Radial,5,6,False,False,False,Large Forb/Herb,0,0.0
Radial,5,6,False,False,False,Large Forb/Herb,3,0.0
Radial,5,6,False,False,False,Large Forb/Herb,6,0.03278688524590164
Radial,5,6,False,False,False,Large Tufted grass/sedge,0,0.01639344262295082
Radial,5,6,False,False,False,Large Tufted grass/sedge,3,0.0
Radial,5,6,False,False,False,Large Tufted grass/sedge,6,0.0
Radial,5,6,False,False,False,Medium Forb/Herb,0,0.06557377049180328
Radial,5,6,False,False,False,Medium Forb/Herb,3,0.01639344262295082
Radial,5,6,False,False,False,Medium Forb/Herb,6,0.06557377049180328
Radial,5,6,False,False,False,Prostrate or Mat-forming Forb/Herb,0,0.01639344262295082
Radial,5,6,False,False,False,Prostrate or Mat-forming Forb/Herb,3,0.01639344262295082
Radial,5,6,False,False,False,Prostrate or Mat-forming Forb/Herb,6,0.06557377049180328
Radial,5,6,False,False,False,Small Non-tufted grass/sedge,0,0.0
Radial,5,6,False,False,False,Small Non-tufted grass/sedge,3,0.0
Radial,5,6,False,False,False,Small Non-tufted grass/sedge,6,0.01639344262295082
Radial,5,6,False,False,False,Small Tufted grass/sedge,0,0.6557377049180327
Radial,5,6,False,False,False,Small Tufted grass/sedge,3,0.0
Radial,5,6,False,False,False,Small Tufted grass/sedge,6,0.03278688524590164
Radial,5,6,False,False,True,Large Forb/Herb,0,0.0
Radial,5,6,False,False,True,Large Forb/Herb,3,0.0
Radial,5,6,False,False,True,Large Forb/Herb,6,0.041666666666666664
Radial,5,6,False,False,True,Medium Forb/Herb,0,0.0
Radial,5,6,False,False,True,Medium Forb/Herb,3,0.08333333333333333
Radial,5,6,False,False,True,Medium Forb/Herb,6,0.041666666666666664
Radial,5,6,False,False,True,Medium Non-tufted grass/sedge,0,0.08333333333333333
Radial,5,6,False,False,True,Medium Non-tufted grass/sedge,3,0.041666666666666664
Radial,5,6,False,False,True,Medium Non-tufted grass/sedge,6,0.041666666666666664
Radial,5,6,False,False,True,Prostrate or Mat-forming Forb/Herb,0,0.4166666666666667
Radial,5,6,False,False,True,Prostrate or Mat-forming Forb/Herb,3,0.08333333333333333
Radial,5,6,False,False,True,Prostrate or Mat-forming Forb/Herb,6,0.041666666666666664
Radial,5,6,False,False,True,Small Tufted grass/sedge,0,0.041666666666666664
Radial,5,6,False,False,True,Small Tufted grass/sedge,3,0.0
Radial,5,6,False,False,True,Small Tufted grass/sedge,6,0.08333333333333333
Radial,5,7,False,True,False,Large Forb/Herb,0,0.012987012987012988
Radial,5,7,False,True,False,Large Forb/Herb,3,0.0
Radial,5,7,False,True,False,Large Forb/Herb,6,0.012987012987012988
Radial,5,7,False,True,False,Medium Forb/Herb,0,0.11688311688311688
Radial,5,7,False,True,False,Medium Forb/Herb,3,0.07792207792207792
Radial,5,7,False,True,False,Medium Forb/Herb,6,0.03896103896103896
Radial,5,7,False,True,False,Prostrate or Mat-forming Forb/Herb,0,0.0
Radial,5,7,False,True,False,Prostrate or Mat-forming Forb/Herb,3,0.025974025974025976
Radial,5,7,False,True,False,Prostrate or Mat-forming Forb/Herb,6,0.03896103896103896
Radial,5,7,False,True,False,Small Non-tufted grass/sedge,0,0.012987012987012988
Radial,5,7,False,True,False,Small Non-tufted grass/sedge,3,0.0
Radial,5,7,False,True,False,Small Non-tufted grass/sedge,6,0.12987012987012986
Radial,5,7,False,True,False,Small Tufted grass/sedge,0,0.5194805194805194
Radial,5,7,False,True,False,Small Tufted grass/sedge,3,0.0
Radial,5,7,False,True,False,Small Tufted grass/sedge,6,0.012987012987012988
Radial,5,7,False,True,True,Medium Forb/Herb,0,0.008264462809917356
Radial,5,7,False,True,True,Medium Forb/Herb,3,0.008264462809917356
Radial,5,7,False,True,True,Medium Forb/Herb,6,0.01652892561983471
Radial,5,7,False,True,True,Medium Non-tufted grass/sedge,0,0.49586776859504134
Radial,5,7,False,True,True,Medium Non-tufted grass/sedge,3,0.3305785123966942
Radial,5,7,False,True,True,Medium Non-tufted grass/sedge,6,0.01652892561983471
Radial,5,7,False,True,True,Prostrate or Mat-forming Forb/Herb,0,0.01652892561983471
Radial,5,7,False,True,True,Prostrate or Mat-forming Forb/Herb,3,0.01652892561983471
Radial,5,7,False,True,True,Prostrate or Mat-forming Forb/Herb,6,0.008264462809917356
Radial,5,7,False,True,True,Small Tufted grass/sedge,0,0.0
Radial,5,7,False,True,True,Small Tufted grass/sedge,3,0.0
Radial,5,7,False,True,True,Small Tufted grass/sedge,6,0.08264462809917356
Radial,5,8,False,True,False,Large Forb/Herb,0,0.08064516129032258
Radial,5,8,False,True,False,Large Forb/Herb,3,0.016129032258064516
Radial,5,8,False,True,False,Large Forb/Herb,6,0.03225806451612903
Radial,5,8,False,True,False,Medium Forb/Herb,0,0.12903225806451613
Radial,5,8,False,True,False,Medium Forb/Herb,3,0.08064516129032258
Radial,5,8,False,True,False,Medium Forb/Herb,6,0.016129032258064516
Radial,5,8,False,True,False,Medium Non-tufted grass/sedge,0,0.0
Radial,5,8,False,True,False,Medium Non-tufted grass/sedge,3,0.0
Radial,5,8,False,True,False,Medium Non-tufted grass/sedge,6,0.016129032258064516
Radial,5,8,False,True,False,Medium Tufted grass/sedge,0,0.06451612903225806
Radial,5,8,False,True,False,Medium Tufted grass/sedge,3,0.03225806451612903
Radial,5,8,False,True,False,Medium Tufted grass/sedge,6,0.0
Radial,5,8,False,True,False,Non-tufted Ground Fern,0,0.0
Radial,5,8,False,True,False,Non-tufted Ground Fern,3,0.3225806451612903
Radial,5,8,False,True,False,Non-tufted Ground Fern,6,0.03225806451612903
Radial,5,8,False,True,False,Prostrate or Mat-forming Forb/Herb,0,0.03225806451612903
Radial,5,8,False,True,False,Prostrate or Mat-forming Forb/Herb,3,0.04838709677419355
Radial,5,8,False,True,False,Prostrate or Mat-forming Forb/Herb,6,0.03225806451612903
Radial,5,8,False,True,False,Small Non-tufted grass/sedge,0,0.016129032258064516
Radial,5,8,False,True,False,Small Non-tufted grass/sedge,3,0.0
Radial,5,8,False,True,False,Small Non-tufted grass/sedge,6,0.016129032258064516
Radial,5,8,False,True,False,Small Tufted grass/sedge,0,0.016129032258064516
Radial,5,8,False,True,False,Small Tufted grass/sedge,3,0.0
Radial,5,8,False,True,False,Small Tufted grass/sedge,6,0.016129032258064516
Radial,5,8,False,True,True,Large Forb/Herb,0,0.182648401826484
Radial,5,8,False,True,True,Large Forb/Herb,3,0.182648401826484
Radial,5,8,False,True,True,Large Forb/Herb,6,0.365296803652968
Radial,5,8,False,True,True,Medium Forb/Herb,0,0.0045662100456621
Radial,5,8,False,True,True,Medium Forb/Herb,3,0.0045662100456621
Radial,5,8,False,True,True,Medium Forb/Herb,6,0.0045662100456621
Radial,5,8,False,True,True,Medium Non-tufted grass/sedge,0,0.045662100456621
Radial,5,8,False,True,True,Medium Non-tufted grass/sedge,3,0.182648401826484
Radial,5,8,False,True,True,Medium Non-tufted grass/sedge,6,0.0045662100456621
Radial,5,8,False,True,True,Prostrate or Mat-forming Forb/Herb,0,0.0091324200913242
Radial,5,8,False,True,True,Prostrate or Mat-forming Forb/Herb,3,0.0091324200913242
Radial,5,8,False,True,True,Prostrate or Mat-forming Forb/Herb,6,0.0045662100456621
Radial,5,9,False,False,False,Large Forb/Herb,0,0.057692307692307696
Radial,5,9,False,False,False,Large Forb/Herb,3,0.057692307692307696
Radial,5,9,False,False,False,Large Forb/Herb,6,0.038461538461538464
Radial,5,9,False,False,False,Medium Forb/Herb,0,0.09615384615384616
Radial,5,9,False,False,False,Medium Forb/Herb,3,0.07692307692307693
Radial,5,9,False,False,False,Medium Forb/Herb,6,0.057692307692307696
Radial,5,9,False,False,False,Non-tufted Ground Fern,0,0.0
Radial,5,9,False,False,False,Non-tufted Ground Fern,3,0.038461538461538464
Radial,5,9,False,False,False,Non-tufted Ground Fern,6,0.019230769230769232
Radial,5,9,False,False,False,Prostrate or Mat-forming Forb/Herb,0,0.038461538461538464
Radial,5,9,False,False,False,Prostrate or Mat-forming Forb/Herb,3,0.057692307692307696
Radial,5,9,False,False,False,Prostrate or Mat-forming Forb/Herb,6,0.038461538461538464
Radial,5,9,False,False,False,Small Non-tufted grass/sedge,0,0.019230769230769232
Radial,5,9,False,False,False,Small Non-tufted grass/sedge,3,0.0
Radial,5,9,False,False,False,Small Non-tufted grass/sedge,6,0.019230769230769232
Radial,5,9,False,False,False,Small Tufted grass/sedge,0,0.38461538461538464
Radial,5,9,False,False,False,Small Tufted grass/sedge,3,0.0
Radial,5,9,False,False,False,Small Tufted grass/sedge,6,0.0
Radial,5,9,False,False,True,Large Forb/Herb,0,0.16326530612244897
Radial,5,9,False,False,True,Large Forb/Herb,3,0.24489795918367346
Radial,5,9,False,False,True,Large Forb/Herb,6,0.40816326530612246
Radial,5,9,False,False,True,Medium Forb/Herb,0,0.004081632653061225
Radial,5,9,False,False,True,Medium Forb/Herb,3,0.024489795918367346
Radial,5,9,False,False,True,Medium Forb/Herb,6,0.00816326530612245
Radial,5,9,False,False,True,Medium Non-tufted grass/sedge,0,0.08163265306122448
Radial,5,9,False,False,True,Medium Non-tufted grass/sedge,3,0.04081632653061224
Radial,5,9,False,False,True,Medium Non-tufted grass/sedge,6,0.00816326530612245
Radial,5,9,False,False,True,Prostrate or Mat-forming Forb/Herb,0,0.004081632653061225
Radial,5,9,False,False,True,Prostrate or Mat-forming Forb/Herb,3,0.004081632653061225
Radial,5,9,False,False,True,Prostrate or Mat-forming Forb/Herb,6,0.0
Radial,5,9,False,False,True,Small Tufted grass/sedge,0,0.0
Radial,5,9,False,False,True,Small Tufted grass/sedge,3,0.0
Radial,5,9,False,False,True,Small Tufted grass/sedge,6,0.00816326530612245
Radial,5,10,False,True,False,Large Forb/Herb,0,0.03571428571428571
Radial,5,10,False,True,False,Large Forb/Herb,3,0.017857142857142856
Radial,5,10,False,True,False,Large Forb/Herb,6,0.017857142857142856
Radial,5,10,False,True,False,Medium Forb/Herb,0,0.17857142857142858
Radial,5,10,False,True,False,Medium Forb/Herb,3,0.14285714285714285
Radial,5,10,False,True,False,Medium Forb/Herb,6,0.08928571428571429
Radial,5,10,False,True,False,Medium Non-tufted grass/sedge,0,0.0
Radial,5,10,False,True,False,Medium Non-tufted grass/sedge,3,0.0
Radial,5,10,False,True,False,Medium Non-tufted grass/sedge,6,0.017857142857142856
Radial,5,10,False,True,False,Medium Tufted grass/sedge,0,0.0
Radial,5,10,False,True,False,Medium Tufted grass/sedge,3,0.017857142857142856
Radial,5,10,False,True,False,Medium Tufted grass/sedge,6,0.0
Radial,5,10,False,True,False,Non-tufted Ground Fern,0,0.03571428571428571
Radial,5,10,False,True,False,Non-tufted Ground Fern,3,0.03571428571428571
Radial,5,10,False,True,False,Non-tufted Ground Fern,6,0.017857142857142856
Radial,5,10,False,True,False,Prostrate or Mat-forming Forb/Herb,0,0.03571428571428571
Radial,5,10,False,True,False,Prostrate or Mat-forming Forb/Herb,3,0.03571428571428571
Radial,5,10,False,True,False,Prostrate or Mat-forming Forb/Herb,6,0.17857142857142858
Radial,5,10,False,True,False,Shrub,0,0.017857142857142856
Radial,5,10,False,True,False,Shrub,3,0.0
Radial,5,10,False,True,False,Shrub,6,0.0
Radial,5,10,False,True,False,Small Non-tufted grass/sedge,0,0.017857142857142856
Radial,5,10,False,True,False,Small Non-tufted grass/sedge,3,0.0
Radial,5,10,False,True,False,Small Non-tufted grass/sedge,6,0.017857142857142856
Radial,5,10,False,True,False,Small Tufted grass/sedge,0,0.03571428571428571
Radial,5,10,False,True,False,Small Tufted grass/sedge,3,0.0
Radial,5,10,False,True,False,Small Tufted grass/sedge,6,0.05357142857142857
Radial,5,10,False,True,True,Climber,0,0.0030303030303030303
Radial,5,10,False,True,True,Climber,3,0.0030303030303030303
Radial,5,10,False,True,True,Climber,6,0.0030303030303030303
Radial,5,10,False,True,True,Large Forb/Herb,0,0.06060606060606061
Radial,5,10,False,True,True,Large Forb/Herb,3,0.06060606060606061
Radial,5,10,False,True,True,Large Forb/Herb,6,0.06060606060606061
Radial,5,10,False,True,True,Medium Forb/Herb,0,0.00909090909090909
Radial,5,10,False,True,True,Medium Forb/Herb,3,0.00909090909090909
Radial,5,10,False,True,True,Medium Forb/Herb,6,0.00909090909090909
Radial,5,10,False,True,True,Medium Non-tufted grass/sedge,0,0.36363636363636365
Radial,5,10,False,True,True,Medium Non-tufted grass/sedge,3,0.36363636363636365
Radial,5,10,False,True,True,Medium Non-tufted grass/sedge,6,0.0030303030303030303
Radial,5,10,False,True,True,Prostrate Shrub,0,0.0
Radial,5,10,False,True,True,Prostrate Shrub,3,0.0030303030303030303
Radial,5,10,False,True,True,Prostrate Shrub,6,0.0
Radial,5,10,False,True,True,Prostrate or Mat-forming Forb/Herb,0,0.006060606060606061
Radial,5,10,False,True,True,Prostrate or Mat-forming Forb/Herb,3,0.030303030303030304
Radial,5,10,False,True,True,Prostrate or Mat-forming Forb/Herb,6,0.0030303030303030303
Radial,5,10,False,True,True,Small Tufted grass/sedge,0,0.0030303030303030303
Radial,5,10,False,True,True,Small Tufted grass/sedge,3,0.0
Radial,5,10,False,True,True,Small Tufted grass/sedge,6,0.006060606060606061
Radial,5,11,False,True,False,Large Forb/Herb,0,0.075
Radial,5,11,False,True,False,Large Forb/Herb,3,0.025
Radial,5,11,False,True,False,Large Forb/Herb,6,0.0
Radial,5,11,False,True,False,Medium Forb/Herb,0,0.175
Radial,5,11,False,True,False,Medium Forb/Herb,3,0.1
Radial,5,11,False,True,False,Medium Forb/Herb,6,0.175
Radial,5,11,False,True,False,Medium Non-tufted grass/sedge,0,0.0
Radial,5,11,False,True,False,Medium Non-tufted grass/sedge,3,0.0
Radial,5,11,False,True,False,Medium Non-tufted grass/sedge,6,0.05
Radial,5,11,False,True,False,Medium Tufted grass/sedge,0,0.025
Radial,5,11,False,True,False,Medium Tufted grass/sedge,3,0.0
Radial,5,11,False,True,False,Medium Tufted grass/sedge,6,0.025
Radial,5,11,False,True,False,Non-tufted Ground Fern,0,0.025
Radial,5,11,False,True,False,Non-tufted Ground Fern,3,0.0
Radial,5,11,False,True,False,Non-tufted Ground Fern,6,0.0
Radial,5,11,False,True,False,Prostrate or Mat-forming Forb/Herb,0,0.05
Radial,5,11,False,True,False,Prostrate or Mat-forming Forb/Herb,3,0.05
Radial,5,11,False,True,False,Prostrate or Mat-forming Forb/Herb,6,0.05
Radial,5,11,False,True,False,Small Non-tufted grass/sedge,0,0.025
Radial,5,11,False,True,False,Small Non-tufted grass/sedge,3,0.0
Radial,5,11,False,True,False,Small Non-tufted grass/sedge,6,0.05
Radial,5,11,False,True,False,Small Tufted grass/sedge,0,0.025
Radial,5,11,False,True,False,Small Tufted grass/sedge,3,0.025
Radial,5,11,False,True,False,Small Tufted grass/sedge,6,0.05
Radial,5,11,False,True,True,Climber,0,0.0024390243902439024
Radial,5,11,False,True,True,Climber,3,0.0024390243902439024
Radial,5,11,False,True,True,Climber,6,0.0024390243902439024
Radial,5,11,False,True,True,Large Forb/Herb,0,0.2926829268292683
Radial,5,11,False,True,True,Large Forb/Herb,3,0.1951219512195122
Radial,5,11,False,True,True,Large Forb/Herb,6,0.34146341463414637
Radial,5,11,False,True,True,Medium Forb/Herb,0,0.0024390243902439024
Radial,5,11,False,True,True,Medium Forb/Herb,3,0.004878048780487805
Radial,5,11,False,True,True,Medium Forb/Herb,6,0.004878048780487805
Radial,5,11,False,True,True,Medium Non-tufted grass/sedge,0,0.04878048780487805
Radial,5,11,False,True,True,Medium Non-tufted grass/sedge,3,0.004878048780487805
Radial,5,11,False,True,True,Medium Non-tufted grass/sedge,6,0.04878048780487805
Radial,5,11,False,True,True,Prostrate or Mat-forming Forb/Herb,0,0.024390243902439025
Radial,5,11,False,True,True,Prostrate or Mat-forming Forb/Herb,3,0.024390243902439025
Radial,5,11,False,True,True,Prostrate or Mat-forming Forb/Herb,6,0.0
Radial,5,12,False,True,False,Large Tufted grass/sedge,0,0.0
Radial,5,12,False,True,False,Large Tufted grass/sedge,3,0.09090909090909091
Radial,5,12,False,True,False,Large Tufted grass/sedge,6,0.0
Radial,5,12,False,True,False,Medium Forb/Herb,0,0.18181818181818182
Radial,5,12,False,True,False,Medium Forb/Herb,3,0.18181818181818182
Radial,5,12,False,True,False,Medium Forb/Herb,6,0.0
Radial,5,12,False,True,False,Medium Tufted grass/sedge,0,0.18181818181818182
Radial,5,12,False,True,False,Medium Tufted grass/sedge,3,0.0
Radial,5,12,False,True,False,Medium Tufted grass/sedge,6,0.0
Radial,5,12,False,True,False,Prostrate or Mat-forming Forb/Herb,0,0.09090909090909091
Radial,5,12,False,True,False,Prostrate or Mat-forming Forb/Herb,3,0.0
Radial,5,12,False,True,False,Prostrate or Mat-forming Forb/Herb,6,0.0
Radial,5,12,False,True,False,Small Tufted grass/sedge,0,0.18181818181818182
Radial,5,12,False,True,False,Small Tufted grass/sedge,3,0.09090909090909091
Radial,5,12,False,True,False,Small Tufted grass/sedge,6,0.0
Radial,5,12,False,True,True,Climber,0,0.005376344086021506
Radial,5,12,False,True,True,Climber,3,0.0
Radial,5,12,False,True,True,Climber,6,0.0
Radial,5,12,False,True,True,Large Forb/Herb,0,0.6451612903225806
Radial,5,12,False,True,True,Large Forb/Herb,3,0.0
Radial,5,12,False,True,True,Large Forb/Herb,6,0.0
Radial,5,12,False,True,True,Large Tufted grass/sedge,0,0.010752688172043012
Radial,5,12,False,True,True,Large Tufted grass/sedge,3,0.0
Radial,5,12,False,True,True,Large Tufted grass/sedge,6,0.0
Radial,5,12,False,True,True,Medium Forb/Herb,0,0.016129032258064516
Radial,5,12,False,True,True,Medium Forb/Herb,3,0.0
Radial,5,12,False,True,True,Medium Forb/Herb,6,0.0
Radial,5,12,False,True,True,Medium Non-tufted grass/sedge,0,0.21505376344086022
Radial,5,12,False,True,True,Medium Non-tufted grass/sedge,3,0.0
Radial,5,12,False,True,True,Medium Non-tufted grass/sedge,6,0.0
Radial,5,12,False,True,True,Prostrate or Mat-forming Forb/Herb,0,0.10752688172043011
Radial,5,12,False,True,True,Prostrate or Mat-forming Forb/Herb,3,0.0
Radial,5,12,False,True,True,Prostrate or Mat-forming Forb/Herb,6,0.0
Radial,5,13,False,True,False,Large Forb/Herb,0,0.058823529411764705
Radial,5,13,False,True,False,Large Forb/Herb,3,0.029411764705882353
Radial,5,13,False,True,False,Large Forb/Herb,6,0.0
Radial,5,13,False,True,False,Large Tufted grass/sedge,0,0.029411764705882353
Radial,5,13,False,True,False,Large Tufted grass/sedge,3,0.0
Radial,5,13,False,True,False,Large Tufted grass/sedge,6,0.0
Radial,5,13,False,True,False,Medium Forb/Herb,0,0.058823529411764705
Radial,5,13,False,True,False,Medium Forb/Herb,3,0.08823529411764706
Radial,5,13,False,True,False,Medium Forb/Herb,6,0.08823529411764706
Radial,5,13,False,True,False,Medium Tufted grass/sedge,0,0.029411764705882353
Radial,5,13,False,True,False,Medium Tufted grass/sedge,3,0.029411764705882353
Radial,5,13,False,True,False,Medium Tufted grass/sedge,6,0.0
Radial,5,13,False,True,False,Non-tufted Ground Fern,0,0.029411764705882353
Radial,5,13,False,True,False,Non-tufted Ground Fern,3,0.0
Radial,5,13,False,True,False,Non-tufted Ground Fern,6,0.0
Radial,5,13,False,True,False,Prostrate or Mat-forming Forb/Herb,0,0.029411764705882353
Radial,5,13,False,True,False,Prostrate or Mat-forming Forb/Herb,3,0.029411764705882353
Radial,5,13,False,True,False,Prostrate or Mat-forming Forb/Herb,6,0.058823529411764705
Radial,5,13,False,True,False,Small Non-tufted grass/sedge,0,0.029411764705882353
Radial,5,13,False,True,False,Small Non-tufted grass/sedge,3,0.0
Radial,5,13,False,True,False,Small Non-tufted grass/sedge,6,0.058823529411764705
Radial,5,13,False,True,False,Small Tufted grass/sedge,0,0.3235294117647059
Radial,5,13,False,True,False,Small Tufted grass/sedge,3,0.0
Radial,5,13,False,True,False,Small Tufted grass/sedge,6,0.029411764705882353
Radial,5,13,False,True,True,Climber,0,0.002421307506053269
Radial,5,13,False,True,True,Climber,3,0.0
Radial,5,13,False,True,True,Climber,6,0.0
Radial,5,13,False,True,True,Large Forb/Herb,0,0.1937046004842615
Radial,5,13,False,True,True,Large Forb/Herb,3,0.24213075060532688
Radial,5,13,False,True,True,Large Forb/Herb,6,0.24213075060532688
Radial,5,13,False,True,True,Medium Forb/Herb,0,0.004842615012106538
Radial,5,13,False,True,True,Medium Forb/Herb,3,0.002421307506053269
Radial,5,13,False,True,True,Medium Forb/Herb,6,0.012106537530266344
Radial,5,13,False,True,True,Medium Non-tufted grass/sedge,0,0.09685230024213075
Radial,5,13,False,True,True,Medium Non-tufted grass/sedge,3,0.14527845036319612
Radial,5,13,False,True,True,Medium Non-tufted grass/sedge,6,0.024213075060532687
Radial,5,13,False,True,True,Prostrate or Mat-forming Forb/Herb,0,0.004842615012106538
Radial,5,13,False,True,True,Prostrate or Mat-forming Forb/Herb,3,0.002421307506053269
Radial,5,13,False,True,True,Prostrate or Mat-forming Forb/Herb,6,0.0
Radial,5,13,False,True,True,Small Tufted grass/sedge,0,0.0
Radial,5,13,False,True,True,Small Tufted grass/sedge,3,0.0
Radial,5,13,False,True,True,Small Tufted grass/sedge,6,0.026634382566585957
Radial,5,14,False,True,False,Large Forb/Herb,0,0.06
Radial,5,14,False,True,False,Large Forb/Herb,3,0.0
Radial,5,14,False,True,False,Large Forb/Herb,6,0.02
Radial,5,14,False,True,False,Medium Forb/Herb,0,0.1
Radial,5,14,False,True,False,Medium Forb/Herb,3,0.08
Radial,5,14,False,True,False,Medium Forb/Herb,6,0.1
Radial,5,14,False,True,False,Medium Tufted grass/sedge,0,0.02
Radial,5,14,False,True,False,Medium Tufted grass/sedge,3,0.0
Radial,5,14,False,True,False,Medium Tufted grass/sedge,6,0.0
Radial,5,14,False,True,False,Non-tufted Ground Fern,0,0.0
Radial,5,14,False,True,False,Non-tufted Ground Fern,3,0.02
Radial,5,14,False,True,False,Non-tufted Ground Fern,6,0.02
Radial,5,14,False,True,False,Prostrate or Mat-forming Forb/Herb,0,0.04
Radial,5,14,False,True,False,Prostrate or Mat-forming Forb/Herb,3,0.04
Radial,5,14,False,True,False,Prostrate or Mat-forming Forb/Herb,6,0.04
Radial,5,14,False,True,False,Small Non-tufted grass/sedge,0,0.02
Radial,5,14,False,True,False,Small Non-tufted grass/sedge,3,0.0
Radial,5,14,False,True,False,Small Non-tufted grass/sedge,6,0.02
Radial,5,14,False,True,False,Small Tufted grass/sedge,0,0.4
Radial,5,14,False,True,False,Small Tufted grass/sedge,3,0.0
Radial,5,14,False,True,False,Small Tufted grass/sedge,6,0.02
Radial,5,14,False,True,True,Climber,0,0.005681818181818182
Radial,5,14,False,True,True,Climber,3,0.0
Radial,5,14,False,True,True,Climber,6,0.005681818181818182
Radial,5,14,False,True,True,Large Forb/Herb,0,0.22727272727272727
Radial,5,14,False,True,True,Large Forb/Herb,3,0.3409090909090909
Radial,5,14,False,True,True,Large Forb/Herb,6,0.22727272727272727
Radial,5,14,False,True,True,Medium Forb/Herb,0,0.005681818181818182
Radial,5,14,False,True,True,Medium Forb/Herb,3,0.011363636363636364
Radial,5,14,False,True,True,Medium Forb/Herb,6,0.011363636363636364
Radial,5,14,False,True,True,Medium Non-tufted grass/sedge,0,0.11363636363636363
Radial,5,14,False,True,True,Medium Non-tufted grass/sedge,3,0.005681818181818182
Radial,5,14,False,True,True,Medium Non-tufted grass/sedge,6,0.011363636363636364
Radial,5,14,False,True,True,Prostrate or Mat-forming Forb/Herb,0,0.011363636363636364
Radial,5,14,False,True,True,Prostrate or Mat-forming Forb/Herb,3,0.005681818181818182
Radial,5,14,False,True,True,Prostrate or Mat-forming Forb/Herb,6,0.005681818181818182
Radial,5,14,False,True,True,Small Tufted grass/sedge,0,0.0
Radial,5,14,False,True,True,Small Tufted grass/sedge,3,0.0
Radial,5,14,False,True,True,Small Tufted grass/sedge,6,0.011363636363636364
Radial,5,15,False,True,False,Large Forb/Herb,0,0.03571428571428571
Radial,5,15,False,True,False,Large Forb/Herb,3,0.07142857142857142
Radial,5,15,False,True,False,Large Forb/Herb,6,0.0
Radial,5,15,False,True,False,Medium Forb/Herb,0,0.0
Radial,5,15,False,True,False,Medium Forb/Herb,3,0.10714285714285714
Radial,5,15,False,True,False,Medium Forb/Herb,6,0.03571428571428571
Radial,5,15,False,True,False,Medium Non-tufted grass/sedge,0,0.0
Radial,5,15,False,True,False,Medium Non-tufted grass/sedge,3,0.0
Radial,5,15,False,True,False,Medium Non-tufted grass/sedge,6,0.03571428571428571
Radial,5,15,False,True,False,Non-tufted Ground Fern,0,0.0
Radial,5,15,False,True,False,Non-tufted Ground Fern,3,0.0
Radial,5,15,False,True,False,Non-tufted Ground Fern,6,0.03571428571428571
Radial,5,15,False,True,False,Prostrate or Mat-forming Forb/Herb,0,0.03571428571428571
Radial,5,15,False,True,False,Prostrate or Mat-forming Forb/Herb,3,0.10714285714285714
Radial,5,15,False,True,False,Prostrate or Mat-forming Forb/Herb,6,0.10714285714285714
Radial,5,15,False,True,False,Small Non-tufted grass/sedge,0,0.0
Radial,5,15,False,True,False,Small Non-tufted grass/sedge,3,0.0
Radial,5,15,False,True,False,Small Non-tufted grass/sedge,6,0.03571428571428571
Radial,5,15,False,True,False,Small Tufted grass/sedge,0,0.35714285714285715
Radial,5,15,False,True,False,Small Tufted grass/sedge,3,0.0
Radial,5,15,False,True,False,Small Tufted grass/sedge,6,0.03571428571428571
Radial,5,15,False,True,True,Climber,0,0.0
Radial,5,15,False,True,True,Climber,3,0.0
Radial,5,15,False,True,True,Climber,6,0.006535947712418301
Radial,5,15,False,True,True,Large Forb/Herb,0,0.26143790849673204
Radial,5,15,False,True,True,Large Forb/Herb,3,0.39215686274509803
Radial,5,15,False,True,True,Large Forb/Herb,6,0.26143790849673204
Radial,5,15,False,True,True,Medium Forb/Herb,0,0.006535947712418301
Radial,5,15,False,True,True,Medium Forb/Herb,3,0.013071895424836602
Radial,5,15,False,True,True,Medium Forb/Herb,6,0.013071895424836602
Radial,5,15,False,True,True,Medium Non-tufted grass/sedge,0,0.006535947712418301
Radial,5,15,False,True,True,Medium Non-tufted grass/sedge,3,0.013071895424836602
Radial,5,15,False,True,True,Medium Non-tufted grass/sedge,6,0.013071895424836602
Radial,5,15,False,True,True,Prostrate or Mat-forming Forb/Herb,0,0.0
Radial,5,15,False,True,True,Prostrate or Mat-forming Forb/Herb,3,0.0
Radial,5,15,False,True,True,Prostrate or Mat-forming Forb/Herb,6,0.006535947712418301
Radial,5,15,False,True,True,Small Tufted grass/sedge,0,0.0
Radial,5,15,False,True,True,Small Tufted grass/sedge,3,0.0
Radial,5,15,False,True,True,Small Tufted grass/sedge,6,0.006535947712418301
Radial,5,16,False,True,False,Large Forb/Herb,0,0.13513513513513514
Radial,5,16,False,True,False,Large Forb/Herb,3,0.0
Radial,5,16,False,True,False,Large Forb/Herb,6,0.0
Radial,5,16,False,True,False,Medium Forb/Herb,0,0.10810810810810811
Radial,5,16,False,True,False,Medium Forb/Herb,3,0.08108108108108109
Radial,5,16,False,True,False,Medium Forb/Herb,6,0.08108108108108109
Radial,5,16,False,True,False,Medium Non-tufted grass/sedge,0,0.0
Radial,5,16,False,True,False,Medium Non-tufted grass/sedge,3,0.0
Radial,5,16,False,True,False,Medium Non-tufted grass/sedge,6,0.05405405405405406
Radial,5,16,False,True,False,Prostrate or Mat-forming Forb/Herb,0,0.02702702702702703
Radial,5,16,False,True,False,Prostrate or Mat-forming Forb/Herb,3,0.05405405405405406
Radial,5,16,False,True,False,Prostrate or Mat-forming Forb/Herb,6,0.05405405405405406
Radial,5,16,False,True,False,Small Non-tufted grass/sedge,0,0.02702702702702703
Radial,5,16,False,True,False,Small Non-tufted grass/sedge,3,0.0
Radial,5,16,False,True,False,Small Non-tufted grass/sedge,6,0.05405405405405406
Radial,5,16,False,True,False,Small Tufted grass/sedge,0,0.2972972972972973
Radial,5,16,False,True,False,Small Tufted grass/sedge,3,0.0
Radial,5,16,False,True,False,Small Tufted grass/sedge,6,0.02702702702702703
Radial,5,16,False,True,True,Climber,0,0.0
Radial,5,16,False,True,True,Climber,3,0.0
Radial,5,16,False,True,True,Climber,6,0.002257336343115124
Radial,5,16,False,True,True,Large Forb/Herb,0,0.2708803611738149
Radial,5,16,False,True,True,Large Forb/Herb,3,0.3160270880361174
Radial,5,16,False,True,True,Large Forb/Herb,6,0.3160270880361174
Radial,5,16,False,True,True,Large Tufted grass/sedge,0,0.0
Radial,5,16,False,True,True,Large Tufted grass/sedge,3,0.002257336343115124
Radial,5,16,False,True,True,Large Tufted grass/sedge,6,0.0
Radial,5,16,False,True,True,Medium Forb/Herb,0,0.0
Radial,5,16,False,True,True,Medium Forb/Herb,3,0.006772009029345372
Radial,5,16,False,True,True,Medium Forb/Herb,6,0.002257336343115124
Radial,5,16,False,True,True,Medium Non-tufted grass/sedge,0,0.045146726862302484
Radial,5,16,False,True,True,Medium Non-tufted grass/sedge,3,0.022573363431151242
Radial,5,16,False,True,True,Medium Non-tufted grass/sedge,6,0.004514672686230248
Radial,5,16,False,True,True,Prostrate or Mat-forming Forb/Herb,0,0.004514672686230248
Radial,5,16,False,True,True,Prostrate or Mat-forming Forb/Herb,3,0.004514672686230248
Radial,5,16,False,True,True,Prostrate or Mat-forming Forb/Herb,6,0.002257336343115124
Radial,7,1,False,False,False,Large Forb/Herb,0,0.08928571428571429
Radial,7,1,False,False,False,Large Forb/Herb,3,0.07142857142857142
Radial,7,1,False,False,False,Large Forb/Herb,6,0.03571428571428571
Radial,7,1,False,False,False,Large Tufted grass/sedge,0,0.017857142857142856
Radial,7,1,False,False,False,Large Tufted grass/sedge,3,0.03571428571428571
Radial,7,1,False,False,False,Large Tufted grass/sedge,6,0.0
Radial,7,1,False,False,False,Medium Forb/Herb,0,0.03571428571428571
Radial,7,1,False,False,False,Medium Forb/Herb,3,0.07142857142857142
Radial,7,1,False,False,False,Medium Forb/Herb,6,0.10714285714285714
Radial,7,1,False,False,False,Medium Non-tufted grass/sedge,0,0.0
Radial,7,1,False,False,False,Medium Non-tufted grass/sedge,3,0.0
Radial,7,1,False,False,False,Medium Non-tufted grass/sedge,6,0.03571428571428571
Radial,7,1,False,False,False,Prostrate or Mat-forming Forb/Herb,0,0.017857142857142856
Radial,7,1,False,False,False,Prostrate or Mat-forming Forb/Herb,3,0.03571428571428571
Radial,7,1,False,False,False,Prostrate or Mat-forming Forb/Herb,6,0.03571428571428571
Radial,7,1,False,False,False,Small Non-tufted grass/sedge,0,0.017857142857142856
Radial,7,1,False,False,False,Small Non-tufted grass/sedge,3,0.0
Radial,7,1,False,False,False,Small Non-tufted grass/sedge,6,0.0
Radial,7,1,False,False,False,Small Tufted grass/sedge,0,0.35714285714285715
Radial,7,1,False,False,False,Small Tufted grass/sedge,3,0.03571428571428571
Radial,7,1,False,False,False,Small Tufted grass/sedge,6,0.0
Radial,7,1,False,False,True,Medium Forb/Herb,0,0.02040816326530612
Radial,7,1,False,False,True,Medium Forb/Herb,3,0.02040816326530612
Radial,7,1,False,False,True,Medium Forb/Herb,6,0.02040816326530612
Radial,7,1,False,False,True,Medium Non-tufted grass/sedge,0,0.04081632653061224
Radial,7,1,False,False,True,Medium Non-tufted grass/sedge,3,0.40816326530612246
Radial,7,1,False,False,True,Medium Non-tufted grass/sedge,6,0.04081632653061224
Radial,7,1,False,False,True,Prostrate or Mat-forming Forb/Herb,0,0.20408163265306123
Radial,7,1,False,False,True,Prostrate or Mat-forming Forb/Herb,3,0.20408163265306123
Radial,7,1,False,False,True,Prostrate or Mat-forming Forb/Herb,6,0.02040816326530612
Radial,7,1,False,False,True,Small Tufted grass/sedge,0,0.0
Radial,7,1,False,False,True,Small Tufted grass/sedge,3,0.0
Radial,7,1,False,False,True,Small Tufted grass/sedge,6,0.02040816326530612
Radial,7,2,True,True,False,Large Forb/Herb,0,0.024390243902439025
Radial,7,2,True,True,False,Large Forb/Herb,3,0.0
Radial,7,2,True,True,False,Large Forb/Herb,6,0.04878048780487805
Radial,7,2,True,True,False,Medium Forb/Herb,0,0.07317073170731707
Radial,7,2,True,True,False,Medium Forb/Herb,3,0.04878048780487805
Radial,7,2,True,True,False,Medium Forb/Herb,6,0.0975609756097561
Radial,7,2,True,True,False,Medium Tufted grass/sedge,0,0.0
Radial,7,2,True,True,False,Medium Tufted grass/sedge,3,0.024390243902439025
Radial,7,2,True,True,False,Medium Tufted grass/sedge,6,0.07317073170731707
Radial,7,2,True,True,False,Prostrate or Mat-forming Forb/Herb,0,0.024390243902439025
Radial,7,2,True,True,False,Prostrate or Mat-forming Forb/Herb,3,0.0
Radial,7,2,True,True,False,Prostrate or Mat-forming Forb/Herb,6,0.024390243902439025
Radial,7,2,True,True,False,Small Shrub,0,0.0
Radial,7,2,True,True,False,Small Shrub,3,0.0
Radial,7,2,True,True,False,Small Shrub,6,0.04878048780487805
Radial,7,2,True,True,False,Small Tufted grass/sedge,0,0.024390243902439025
Radial,7,2,True,True,False,Small Tufted grass/sedge,3,0.24390243902439024
Radial,7,2,True,True,False,Small Tufted grass/sedge,6,0.24390243902439024
Radial,7,2,True,True,True,Medium Forb/Herb,0,0.1
Radial,7,2,True,True,True,Medium Forb/Herb,3,0.0
Radial,7,2,True,True,True,Medium Forb/Herb,6,0.1
Radial,7,2,True,True,True,Medium Non-tufted grass/sedge,0,0.1
Radial,7,2,True,True,True,Medium Non-tufted grass/sedge,3,0.0
Radial,7,2,True,True,True,Medium Non-tufted grass/sedge,6,0.1
Radial,7,2,True,True,True,Shrub,0,0.0
Radial,7,2,True,True,True,Shrub,3,0.0
Radial,7,2,True,True,True,Shrub,6,0.1
Radial,7,2,True,True,True,Small Tufted grass/sedge,0,0.0
Radial,7,2,True,True,True,Small Tufted grass/sedge,3,0.0
Radial,7,2,True,True,True,Small Tufted grass/sedge,6,0.2
Radial,7,2,True,True,True,Tufted Ground Fern,0,0.1
Radial,7,2,True,True,True,Tufted Ground Fern,3,0.1
Radial,7,2,True,True,True,Tufted Ground Fern,6,0.1
Radial,7,3,False,True,False,Large Forb/Herb,0,0.0
Radial,7,3,False,True,False,Large Forb/Herb,3,0.1111111111111111
Radial,7,3,False,True,False,Large Forb/Herb,6,0.0
Radial,7,3,False,True,False,Medium Forb/Herb,0,0.1111111111111111
Radial,7,3,False,True,False,Medium Forb/Herb,3,0.2777777777777778
Radial,7,3,False,True,False,Medium Forb/Herb,6,0.1111111111111111
Radial,7,3,False,True,False,Prostrate or Mat-forming Forb/Herb,0,0.0
Radial,7,3,False,True,False,Prostrate or Mat-forming Forb/Herb,3,0.05555555555555555
Radial,7,3,False,True,False,Prostrate or Mat-forming Forb/Herb,6,0.1111111111111111
Radial,7,3,False,True,False,Small Tufted grass/sedge,0,0.05555555555555555
Radial,7,3,False,True,False,Small Tufted grass/sedge,3,0.1111111111111111
Radial,7,3,False,True,False,Small Tufted grass/sedge,6,0.05555555555555555
Radial,7,3,False,True,True,Medium Forb/Herb,0,0.05555555555555555
Radial,7,3,False,True,True,Medium Forb/Herb,3,0.1111111111111111
Radial,7,3,False,True,True,Medium Forb/Herb,6,0.05555555555555555
Radial,7,3,False,True,True,Medium Non-tufted grass/sedge,0,0.05555555555555555
Radial,7,3,False,True,True,Medium Non-tufted grass/sedge,3,0.05555555555555555
Radial,7,3,False,True,True,Medium Non-tufted grass/sedge,6,0.05555555555555555
Radial,7,3,False,True,True,Prostrate or Mat-forming Forb/Herb,0,0.05555555555555555
Radial,7,3,False,True,True,Prostrate or Mat-forming Forb/Herb,3,0.5555555555555556
Radial,7,3,False,True,True,Prostrate or Mat-forming Forb/Herb,6,0.0
Radial,7,4,True,True,False,Large Forb/Herb,0,0.05714285714285714
Radial,7,4,True,True,False,Large Forb/Herb,3,0.05714285714285714
Radial,7,4,True,True,False,Large Forb/Herb,6,0.0
Radial,7,4,True,True,False,Medium Forb/Herb,0,0.11428571428571428
Radial,7,4,True,True,False,Medium Forb/Herb,3,0.2571428571428571
Radial,7,4,True,True,False,Medium Forb/Herb,6,0.0
Radial,7,4,True,True,False,Medium Tufted grass/sedge,0,0.0
Radial,7,4,True,True,False,Medium Tufted grass/sedge,3,0.0
Radial,7,4,True,True,False,Medium Tufted grass/sedge,6,0.02857142857142857
Radial,7,4,True,True,False,Prostrate or Mat-forming Forb/Herb,0,0.0
Radial,7,4,True,True,False,Prostrate or Mat-forming Forb/Herb,3,0.02857142857142857
Radial,7,4,True,True,False,Prostrate or Mat-forming Forb/Herb,6,0.0
Radial,7,4,True,True,False,Small Tufted grass/sedge,0,0.05714285714285714
Radial,7,4,True,True,False,Small Tufted grass/sedge,3,0.2857142857142857
Radial,7,4,True,True,False,Small Tufted grass/sedge,6,0.11428571428571428
Radial,7,4,True,True,True,Medium Forb/Herb,0,0.0
Radial,7,4,True,True,True,Medium Forb/Herb,3,0.0
Radial,7,4,True,True,True,Medium Forb/Herb,6,0.1
Radial,7,4,True,True,True,Medium Non-tufted grass/sedge,0,0.1
Radial,7,4,True,True,True,Medium Non-tufted grass/sedge,3,0.5
Radial,7,4,True,True,True,Medium Non-tufted grass/sedge,6,0.05
Radial,7,4,True,True,True,Prostrate or Mat-forming Forb/Herb,0,0.0
Radial,7,4,True,True,True,Prostrate or Mat-forming Forb/Herb,3,0.1
Radial,7,4,True,True,True,Prostrate or Mat-forming Forb/Herb,6,0.05
Radial,7,4,True,True,True,Small Tufted grass/sedge,0,0.0
Radial,7,4,True,True,True,Small Tufted grass/sedge,3,0.0
Radial,7,4,True,True,True,Small Tufted grass/sedge,6,0.1
Radial,7,5,False,False,False,Large Forb/Herb,0,0.125
Radial,7,5,False,False,False,Large Forb/Herb,3,0.041666666666666664
Radial,7,5,False,False,False,Large Forb/Herb,6,0.041666666666666664
Radial,7,5,False,False,False,Medium Forb/Herb,0,0.125
Radial,7,5,False,False,False,Medium Forb/Herb,3,0.25
Radial,7,5,False,False,False,Medium Forb/Herb,6,0.125
Radial,7,5,False,False,False,Prostrate or Mat-forming Forb/Herb,0,0.041666666666666664
Radial,7,5,False,False,False,Prostrate or Mat-forming Forb/Herb,3,0.0
Radial,7,5,False,False,False,Prostrate or Mat-forming Forb/Herb,6,0.08333333333333333
Radial,7,5,False,False,False,Small Tufted grass/sedge,0,0.08333333333333333
Radial,7,5,False,False,False,Small Tufted grass/sedge,3,0.08333333333333333
Radial,7,5,False,False,False,Small Tufted grass/sedge,6,0.0
Radial,7,5,False,False,True,Medium Forb/Herb,0,0.08333333333333333
Radial,7,5,False,False,True,Medium Forb/Herb,3,0.08333333333333333
Radial,7,5,False,False,True,Medium Forb/Herb,6,0.08333333333333333
Radial,7,5,False,False,True,Medium Non-tufted grass/sedge,0,0.08333333333333333
Radial,7,5,False,False,True,Medium Non-tufted grass/sedge,3,0.16666666666666666
Radial,7,5,False,False,True,Medium Non-tufted grass/sedge,6,0.16666666666666666
Radial,7,5,False,False,True,Prostrate or Mat-forming Forb/Herb,0,0.0
Radial,7,5,False,False,True,Prostrate or Mat-forming Forb/Herb,3,0.16666666666666666
Radial,7,5,False,False,True,Prostrate or Mat-forming Forb/Herb,6,0.08333333333333333
Radial,7,5,False,False,True,Small Tufted grass/sedge,0,0.0
Radial,7,5,False,False,True,Small Tufted grass/sedge,3,0.0
Radial,7,5,False,False,True,Small Tufted grass/sedge,6,0.08333333333333333
Radial,7,6,True,False,False,Large Forb/Herb,0,0.041666666666666664
Radial,7,6,True,False,False,Large Forb/Herb,3,0.05555555555555555
Radial,7,6,True,False,False,Large Forb/Herb,6,0.013888888888888888
Radial,7,6,True,False,False,Medium Forb/Herb,0,0.05555555555555555
Radial,7,6,True,False,False,Medium Forb/Herb,3,0.125
Radial,7,6,True,False,False,Medium Forb/Herb,6,0.3055555555555556
Radial,7,6,True,False,False,Prostrate or Mat-forming Forb/Herb,0,0.027777777777777776
Radial,7,6,True,False,False,Prostrate or Mat-forming Forb/Herb,3,0.041666666666666664
Radial,7,6,True,False,False,Prostrate or Mat-forming Forb/Herb,6,0.013888888888888888
Radial,7,6,True,False,False,Small Tufted grass/sedge,0,0.1388888888888889
Radial,7,6,True,False,False,Small Tufted grass/sedge,3,0.16666666666666666
Radial,7,6,True,False,False,Small Tufted grass/sedge,6,0.013888888888888888
Radial,7,6,True,False,True,Climber,0,0.0
Radial,7,6,True,False,True,Climber,3,0.0
Radial,7,6,True,False,True,Climber,6,0.07142857142857142
Radial,7,6,True,False,True,Medium Forb/Herb,0,0.07142857142857142
Radial,7,6,True,False,True,Medium Forb/Herb,3,0.14285714285714285
Radial,7,6,True,False,True,Medium Forb/Herb,6,0.0
Radial,7,6,True,False,True,Medium Non-tufted grass/sedge,0,0.07142857142857142
Radial,7,6,True,False,True,Medium Non-tufted grass/sedge,3,0.0
Radial,7,6,True,False,True,Medium Non-tufted grass/sedge,6,0.07142857142857142
Radial,7,6,True,False,True,Prostrate Shrub,0,0.07142857142857142
Radial,7,6,True,False,True,Prostrate Shrub,3,0.0
Radial,7,6,True,False,True,Prostrate Shrub,6,0.0
Radial,7,6,True,False,True,Prostrate or Mat-forming Forb/Herb,0,0.07142857142857142
Radial,7,6,True,False,True,Prostrate or Mat-forming Forb/Herb,3,0.14285714285714285
Radial,7,6,True,False,True,Prostrate or Mat-forming Forb/Herb,6,0.07142857142857142
Radial,7,6,True,False,True,Small Tufted grass/sedge,0,0.07142857142857142
Radial,7,6,True,False,True,Small Tufted grass/sedge,3,0.0
Radial,7,6,True,False,True,Small Tufted grass/sedge,6,0.14285714285714285
Radial,7,7,False,True,False,Large Forb/Herb,0,0.0
Radial,7,7,False,True,False,Large Forb/Herb,3,0.058823529411764705
Radial,7,7,False,True,False,Large Forb/Herb,6,0.0196078431372549
Radial,7,7,False,True,False,Large Tufted grass/sedge,0,0.0392156862745098
Radial,7,7,False,True,False,Large Tufted grass/sedge,3,0.0392156862745098
Radial,7,7,False,True,False,Large Tufted grass/sedge,6,0.0
Radial,7,7,False,True,False,Medium Forb/Herb,0,0.0392156862745098
Radial,7,7,False,True,False,Medium Forb/Herb,3,0.21568627450980393
Radial,7,7,False,True,False,Medium Forb/Herb,6,0.0784313725490196
Radial,7,7,False,True,False,Medium Non-tufted grass/sedge,0,0.0
Radial,7,7,False,True,False,Medium Non-tufted grass/sedge,3,0.0
Radial,7,7,False,True,False,Medium Non-tufted grass/sedge,6,0.0392156862745098
Radial,7,7,False,True,False,Prostrate or Mat-forming Forb/Herb,0,0.0196078431372549
Radial,7,7,False,True,False,Prostrate or Mat-forming Forb/Herb,3,0.0196078431372549
Radial,7,7,False,True,False,Prostrate or Mat-forming Forb/Herb,6,0.0392156862745098
Radial,7,7,False,True,False,Small Tufted grass/sedge,0,0.39215686274509803
Radial,7,7,False,True,False,Small Tufted grass/sedge,3,0.0
Radial,7,7,False,True,False,Small Tufted grass/sedge,6,0.0
Radial,7,7,False,True,True,Climber,0,0.0
Radial,7,7,False,True,True,Climber,3,0.047619047619047616
Radial,7,7,False,True,True,Climber,6,0.0
Radial,7,7,False,True,True,Medium Forb/Herb,0,0.047619047619047616
Radial,7,7,False,True,True,Medium Forb/Herb,3,0.047619047619047616
Radial,7,7,False,True,True,Medium Forb/Herb,6,0.047619047619047616
Radial,7,7,False,True,True,Medium Non-tufted grass/sedge,0,0.047619047619047616
Radial,7,7,False,True,True,Medium Non-tufted grass/sedge,3,0.09523809523809523
Radial,7,7,False,True,True,Medium Non-tufted grass/sedge,6,0.047619047619047616
Radial,7,7,False,True,True,Prostrate or Mat-forming Forb/Herb,0,0.0
Radial,7,7,False,True,True,Prostrate or Mat-forming Forb/Herb,3,0.0
Radial,7,7,False,True,True,Prostrate or Mat-forming Forb/Herb,6,0.047619047619047616
Radial,7,7,False,True,True,Small Tufted grass/sedge,0,0.047619047619047616
Radial,7,7,False,True,True,Small Tufted grass/sedge,3,0.047619047619047616
Radial,7,7,False,True,True,Small Tufted grass/sedge,6,0.47619047619047616
Radial,7,8,True,True,False,Large Forb/Herb,0,0.007042253521126761
Radial,7,8,True,True,False,Large Forb/Herb,3,0.014084507042253521
Radial,7,8,True,True,False,Large Forb/Herb,6,0.0
Radial,7,8,True,True,False,Medium Forb/Herb,0,0.007042253521126761
Radial,7,8,True,True,False,Medium Forb/Herb,3,0.035211267605633804
Radial,7,8,True,True,False,Medium Forb/Herb,6,0.0
Radial,7,8,True,True,False,Prostrate or Mat-forming Forb/Herb,0,0.007042253521126761
Radial,7,8,True,True,False,Prostrate or Mat-forming Forb/Herb,3,0.704225352112676
Radial,7,8,True,True,False,Prostrate or Mat-forming Forb/Herb,6,0.007042253521126761
Radial,7,8,True,True,False,Small Tufted grass/sedge,0,0.07042253521126761
Radial,7,8,True,True,False,Small Tufted grass/sedge,3,0.14084507042253522
Radial,7,8,True,True,False,Small Tufted grass/sedge,6,0.0
Radial,7,8,True,True,False,Tiny Tufted grass/sedge,0,0.0
Radial,7,8,True,True,False,Tiny Tufted grass/sedge,3,0.0
Radial,7,8,True,True,False,Tiny Tufted grass/sedge,6,0.007042253521126761
Radial,7,8,True,True,True,Large Forb/Herb,0,0.0
Radial,7,8,True,True,True,Large Forb/Herb,3,0.0
Radial,7,8,True,True,True,Large Forb/Herb,6,0.037037037037037035
Radial,7,8,True,True,True,Medium Forb/Herb,0,0.0
Radial,7,8,True,True,True,Medium Forb/Herb,3,0.037037037037037035
Radial,7,8,True,True,True,Medium Forb/Herb,6,0.07407407407407407
Radial,7,8,True,True,True,Medium Non-tufted grass/sedge,0,0.037037037037037035
Radial,7,8,True,True,True,Medium Non-tufted grass/sedge,3,0.37037037037037035
Radial,7,8,True,True,True,Medium Non-tufted grass/sedge,6,0.037037037037037035
Radial,7,8,True,True,True,Prostrate or Mat-forming Forb/Herb,0,0.037037037037037035
Radial,7,8,True,True,True,Prostrate or Mat-forming Forb/Herb,3,0.07407407407407407
Radial,7,8,True,True,True,Prostrate or Mat-forming Forb/Herb,6,0.037037037037037035
Radial,7,8,True,True,True,Shrub,0,0.0
Radial,7,8,True,True,True,Shrub,3,0.0
Radial,7,8,True,True,True,Shrub,6,0.037037037037037035
Radial,7,8,True,True,True,Small Tufted grass/sedge,0,0.0
Radial,7,8,True,True,True,Small Tufted grass/sedge,3,0.07407407407407407
Radial,7,8,True,True,True,Small Tufted grass/sedge,6,0.037037037037037035
Radial,7,8,True,True,True,Tufted Ground Fern,0,0.037037037037037035
Radial,7,8,True,True,True,Tufted Ground Fern,3,0.037037037037037035
Radial,7,8,True,True,True,Tufted Ground Fern,6,0.037037037037037035
Radial,7,9,False,False,False,Large Forb/Herb,0,0.0136986301369863
Radial,7,9,False,False,False,Large Forb/Herb,3,0.0410958904109589
Radial,7,9,False,False,False,Large Forb/Herb,6,0.0136986301369863
Radial,7,9,False,False,False,Large Tufted grass/sedge,0,0.0136986301369863
Radial,7,9,False,False,False,Large Tufted grass/sedge,3,0.0
Radial,7,9,False,False,False,Large Tufted grass/sedge,6,0.0
Radial,7,9,False,False,False,Medium Forb/Herb,0,0.0136986301369863
Radial,7,9,False,False,False,Medium Forb/Herb,3,0.1095890410958904
Radial,7,9,False,False,False,Medium Forb/Herb,6,0.0684931506849315
Radial,7,9,False,False,False,Prostrate or Mat-forming Forb/Herb,0,0.0136986301369863
Radial,7,9,False,False,False,Prostrate or Mat-forming Forb/Herb,3,0.0
Radial,7,9,False,False,False,Prostrate or Mat-forming Forb/Herb,6,0.0136986301369863
Radial,7,9,False,False,False,Small Tufted grass/sedge,0,0.5616438356164384
Radial,7,9,False,False,False,Small Tufted grass/sedge,3,0.136986301369863
Radial,7,9,False,False,False,Small Tufted grass/sedge,6,0.0
Radial,7,9,False,False,True,Medium Forb/Herb,0,0.09090909090909091
Radial,7,9,False,False,True,Medium Forb/Herb,3,0.09090909090909091
Radial,7,9,False,False,True,Medium Forb/Herb,6,0.0
Radial,7,9,False,False,True,Medium Non-tufted grass/sedge,0,0.045454545454545456
Radial,7,9,False,False,True,Medium Non-tufted grass/sedge,3,0.045454545454545456
Radial,7,9,False,False,True,Medium Non-tufted grass/sedge,6,0.045454545454545456
Radial,7,9,False,False,True,Prostrate or Mat-forming Forb/Herb,0,0.09090909090909091
Radial,7,9,False,False,True,Prostrate or Mat-forming Forb/Herb,3,0.45454545454545453
Radial,7,9,False,False,True,Prostrate or Mat-forming Forb/Herb,6,0.045454545454545456
Radial,7,9,False,False,True,Small Tufted grass/sedge,0,0.0
Radial,7,9,False,False,True,Small Tufted grass/sedge,3,0.0
Radial,7,9,False,False,True,Small Tufted grass/sedge,6,0.09090909090909091
Radial,7,10,True,True,False,Large Forb/Herb,0,0.024390243902439025
Radial,7,10,True,True,False,Large Forb/Herb,3,0.024390243902439025
Radial,7,10,True,True,False,Large Forb/Herb,6,0.012195121951219513
Radial,7,10,True,True,False,Large Tufted grass/sedge,0,0.0
Radial,7,10,True,True,False,Large Tufted grass/sedge,3,0.24390243902439024
Radial,7,10,True,True,False,Large Tufted grass/sedge,6,0.0
Radial,7,10,True,True,False,Medium Forb/Herb,0,0.012195121951219513
Radial,7,10,True,True,False,Medium Forb/Herb,3,0.042682926829268296
Radial,7,10,True,True,False,Medium Forb/Herb,6,0.006097560975609756
Radial,7,10,True,True,False,Medium Tufted grass/sedge,0,0.0
Radial,7,10,True,True,False,Medium Tufted grass/sedge,3,0.0
Radial,7,10,True,True,False,Medium Tufted grass/sedge,6,0.4878048780487805
Radial,7,10,True,True,False,Prostrate or Mat-forming Forb/Herb,0,0.012195121951219513
Radial,7,10,True,True,False,Prostrate or Mat-forming Forb/Herb,3,0.018292682926829267
Radial,7,10,True,True,False,Prostrate or Mat-forming Forb/Herb,6,0.012195121951219513
Radial,7,10,True,True,False,Small Tufted grass/sedge,0,0.012195121951219513
Radial,7,10,True,True,False,Small Tufted grass/sedge,3,0.024390243902439025
Radial,7,10,True,True,False,Small Tufted grass/sedge,6,0.06707317073170732
Radial,7,10,True,True,True,Medium Forb/Herb,0,0.009900990099009901
Radial,7,10,True,True,True,Medium Forb/Herb,3,0.019801980198019802
Radial,7,10,True,True,True,Medium Forb/Herb,6,0.019801980198019802
Radial,7,10,True,True,True,Medium Non-tufted grass/sedge,0,0.009900990099009901
Radial,7,10,True,True,True,Medium Non-tufted grass/sedge,3,0.09900990099009901
Radial,7,10,True,True,True,Medium Non-tufted grass/sedge,6,0.019801980198019802
Radial,7,10,True,True,True,Prostrate or Mat-forming Forb/Herb,0,0.019801980198019802
Radial,7,10,True,True,True,Prostrate or Mat-forming Forb/Herb,3,0.7920792079207921
Radial,7,10,True,True,True,Prostrate or Mat-forming Forb/Herb,6,0.009900990099009901
Radial,7,11,False,False,False,Large Forb/Herb,0,0.11764705882352941
Radial,7,11,False,False,False,Large Forb/Herb,3,0.058823529411764705
Radial,7,11,False,False,False,Large Forb/Herb,6,0.0
Radial,7,11,False,False,False,Large Tufted grass/sedge,0,0.0
Radial,7,11,False,False,False,Large Tufted grass/sedge,3,0.029411764705882353
Radial,7,11,False,False,False,Large Tufted grass/sedge,6,0.0
Radial,7,11,False,False,False,Medium Forb/Herb,0,0.058823529411764705
Radial,7,11,False,False,False,Medium Forb/Herb,3,0.11764705882352941
Radial,7,11,False,False,False,Medium Forb/Herb,6,0.29411764705882354
Radial,7,11,False,False,False,Medium Tufted grass/sedge,0,0.0
Radial,7,11,False,False,False,Medium Tufted grass/sedge,3,0.0
Radial,7,11,False,False,False,Medium Tufted grass/sedge,6,0.029411764705882353
Radial,7,11,False,False,False,Prostrate or Mat-forming Forb/Herb,0,0.058823529411764705
Radial,7,11,False,False,False,Prostrate or Mat-forming Forb/Herb,3,0.029411764705882353
Radial,7,11,False,False,False,Prostrate or Mat-forming Forb/Herb,6,0.029411764705882353
Radial,7,11,False,False,False,Small Non-tufted grass/sedge,0,0.029411764705882353
Radial,7,11,False,False,False,Small Non-tufted grass/sedge,3,0.0
Radial,7,11,False,False,False,Small Non-tufted grass/sedge,6,0.0
Radial,7,11,False,False,False,Small Tufted grass/sedge,0,0.058823529411764705
Radial,7,11,False,False,False,Small Tufted grass/sedge,3,0.058823529411764705
Radial,7,11,False,False,False,Small Tufted grass/sedge,6,0.029411764705882353
Radial,7,11,False,False,True,Medium Forb/Herb,0,0.2857142857142857
Radial,7,11,False,False,True,Medium Forb/Herb,3,0.14285714285714285
Radial,7,11,False,False,True,Medium Forb/Herb,6,0.14285714285714285
Radial,7,11,False,False,True,Medium Non-tufted grass/sedge,0,0.14285714285714285
Radial,7,11,False,False,True,Medium Non-tufted grass/sedge,3,0.14285714285714285
Radial,7,11,False,False,True,Medium Non-tufted grass/sedge,6,0.14285714285714285
Radial,7,12,True,True,False,Large Forb/Herb,0,0.029411764705882353
Radial,7,12,True,True,False,Large Forb/Herb,3,0.00980392156862745
Radial,7,12,True,True,False,Large Forb/Herb,6,0.00980392156862745
Radial,7,12,True,True,False,Medium Forb/Herb,0,0.029411764705882353
Radial,7,12,True,True,False,Medium Forb/Herb,3,0.0784313725490196
Radial,7,12,True,True,False,Medium Forb/Herb,6,0.0196078431372549
Radial,7,12,True,True,False,Medium Tufted grass/sedge,0,0.0
Radial,7,12,True,True,False,Medium Tufted grass/sedge,3,0.0
Radial,7,12,True,True,False,Medium Tufted grass/sedge,6,0.00980392156862745
Radial,7,12,True,True,False,Prostrate or Mat-forming Forb/Herb,0,0.00980392156862745
Radial,7,12,True,True,False,Prostrate or Mat-forming Forb/Herb,3,0.0
Radial,7,12,True,True,False,Prostrate or Mat-forming Forb/Herb,6,0.00980392156862745
Radial,7,12,True,True,False,Small Tufted grass/sedge,0,0.5882352941176471
Radial,7,12,True,True,False,Small Tufted grass/sedge,3,0.19607843137254902
Radial,7,12,True,True,False,Small Tufted grass/sedge,6,0.00980392156862745
Radial,7,12,True,True,True,Medium Forb/Herb,0,0.0
Radial,7,12,True,True,True,Medium Forb/Herb,3,0.2553191489361702
Radial,7,12,True,True,True,Medium Forb/Herb,6,0.0
Radial,7,12,True,True,True,Medium Non-tufted grass/sedge,0,0.0425531914893617
Radial,7,12,True,True,True,Medium Non-tufted grass/sedge,3,0.425531914893617
Radial,7,12,True,True,True,Medium Non-tufted grass/sedge,6,0.02127659574468085
Radial,7,12,True,True,True,Prostrate or Mat-forming Forb/Herb,0,0.2127659574468085
Radial,7,12,True,True,True,Prostrate or Mat-forming Forb/Herb,3,0.0425531914893617
Radial,7,12,True,True,True,Prostrate or Mat-forming Forb/Herb,6,0.0
Radial,7,13,False,True,False,Large Forb/Herb,0,0.05555555555555555
Radial,7,13,False,True,False,Large Forb/Herb,3,0.05555555555555555
Radial,7,13,False,True,False,Large Forb/Herb,6,0.027777777777777776
Radial,7,13,False,True,False,Medium Forb/Herb,0,0.1111111111111111
Radial,7,13,False,True,False,Medium Forb/Herb,3,0.2777777777777778
Radial,7,13,False,True,False,Medium Forb/Herb,6,0.027777777777777776
Radial,7,13,False,True,False,Prostrate or Mat-forming Forb/Herb,0,0.05555555555555555
Radial,7,13,False,True,False,Prostrate or Mat-forming Forb/Herb,3,0.0
Radial,7,13,False,True,False,Prostrate or Mat-forming Forb/Herb,6,0.027777777777777776
Radial,7,13,False,True,False,Small Tufted grass/sedge,0,0.2777777777777778
Radial,7,13,False,True,False,Small Tufted grass/sedge,3,0.08333333333333333
Radial,7,13,False,True,False,Small Tufted grass/sedge,6,0.0
Radial,7,13,False,True,True,Medium Forb/Herb,0,0.09090909090909091
Radial,7,13,False,True,True,Medium Forb/Herb,3,0.18181818181818182
Radial,7,13,False,True,True,Medium Forb/Herb,6,0.18181818181818182
Radial,7,13,False,True,True,Medium Non-tufted grass/sedge,0,0.09090909090909091
Radial,7,13,False,True,True,Medium Non-tufted grass/sedge,3,0.18181818181818182
Radial,7,13,False,True,True,Medium Non-tufted grass/sedge,6,0.18181818181818182
Radial,7,13,False,True,True,Small Tufted grass/sedge,0,0.0
Radial,7,13,False,True,True,Small Tufted grass/sedge,3,0.0
Radial,7,13,False,True,True,Small Tufted grass/sedge,6,0.09090909090909091
Radial,7,14,True,True,False,Large Forb/Herb,0,0.02654867256637168
Radial,7,14,True,True,False,Large Forb/Herb,3,0.05309734513274336
Radial,7,14,True,True,False,Large Forb/Herb,6,0.017699115044247787
Radial,7,14,True,True,False,Large Tufted grass/sedge,0,0.0
Radial,7,14,True,True,False,Large Tufted grass/sedge,3,0.0
Radial,7,14,True,True,False,Large Tufted grass/sedge,6,0.08849557522123894
Radial,7,14,True,True,False,Medium Forb/Herb,0,0.04424778761061947
Radial,7,14,True,True,False,Medium Forb/Herb,3,0.07964601769911504
Radial,7,14,True,True,False,Medium Forb/Herb,6,0.0
Radial,7,14,True,True,False,Medium Tufted grass/sedge,0,0.0
Radial,7,14,True,True,False,Medium Tufted grass/sedge,3,0.0
Radial,7,14,True,True,False,Medium Tufted grass/sedge,6,0.08849557522123894
Radial,7,14,True,True,False,Prostrate or Mat-forming Forb/Herb,0,0.0
Radial,7,14,True,True,False,Prostrate or Mat-forming Forb/Herb,3,0.008849557522123894
Radial,7,14,True,True,False,Prostrate or Mat-forming Forb/Herb,6,0.0
Radial,7,14,True,True,False,Scrambler,0,0.0
Radial,7,14,True,True,False,Scrambler,3,0.008849557522123894
Radial,7,14,True,True,False,Scrambler,6,0.0
Radial,7,14,True,True,False,Small Tufted grass/sedge,0,0.02654867256637168
Radial,7,14,True,True,False,Small Tufted grass/sedge,3,0.5398230088495575
Radial,7,14,True,True,False,Small Tufted grass/sedge,6,0.017699115044247787
Radial,7,14,True,True,True,Medium Forb/Herb,0,0.010526315789473684
Radial,7,14,True,True,True,Medium Forb/Herb,3,0.11578947368421053
Radial,7,14,True,True,True,Medium Forb/Herb,6,0.10526315789473684
Radial,7,14,True,True,True,Medium Non-tufted grass/sedge,0,0.010526315789473684
Radial,7,14,True,True,True,Medium Non-tufted grass/sedge,3,0.21052631578947367
Radial,7,14,True,True,True,Medium Non-tufted grass/sedge,6,0.42105263157894735
Radial,7,14,True,True,True,Prostrate or Mat-forming Forb/Herb,0,0.010526315789473684
Radial,7,14,True,True,True,Prostrate or Mat-forming Forb/Herb,3,0.010526315789473684
Radial,7,14,True,True,True,Prostrate or Mat-forming Forb/Herb,6,0.0
Radial,7,14,True,True,True,Small Tufted grass/sedge,0,0.0
Radial,7,14,True,True,True,Small Tufted grass/sedge,3,0.0
Radial,7,14,True,True,True,Small Tufted grass/sedge,6,0.10526315789473684
Radial,7,15,False,True,False,Large Forb/Herb,0,0.021052631578947368
Radial,7,15,False,True,False,Large Forb/Herb,3,0.010526315789473684
Radial,7,15,False,True,False,Large Forb/Herb,6,0.021052631578947368
Radial,7,15,False,True,False,Large Tufted grass/sedge,0,0.0
Radial,7,15,False,True,False,Large Tufted grass/sedge,3,0.021052631578947368
Radial,7,15,False,True,False,Large Tufted grass/sedge,6,0.021052631578947368
Radial,7,15,False,True,False,Medium Forb/Herb,0,0.08421052631578947
Radial,7,15,False,True,False,Medium Forb/Herb,3,0.05263157894736842
Radial,7,15,False,True,False,Medium Forb/Herb,6,0.042105263157894736
Radial,7,15,False,True,False,Medium Tufted grass/sedge,0,0.0
Radial,7,15,False,True,False,Medium Tufted grass/sedge,3,0.021052631578947368
Radial,7,15,False,True,False,Medium Tufted grass/sedge,6,0.0
Radial,7,15,False,True,False,Prostrate or Mat-forming Forb/Herb,0,0.021052631578947368
Radial,7,15,False,True,False,Prostrate or Mat-forming Forb/Herb,3,0.0
Radial,7,15,False,True,False,Prostrate or Mat-forming Forb/Herb,6,0.010526315789473684
Radial,7,15,False,True,False,Scrambler,0,0.0
Radial,7,15,False,True,False,Scrambler,3,0.010526315789473684
Radial,7,15,False,True,False,Scrambler,6,0.0
Radial,7,15,False,True,False,Small Tufted grass/sedge,0,0.631578947368421
Radial,7,15,False,True,False,Small Tufted grass/sedge,3,0.010526315789473684
Radial,7,15,False,True,False,Small Tufted grass/sedge,6,0.021052631578947368
Radial,7,15,False,True,True,Medium Forb/Herb,0,0.00510204081632653
Radial,7,15,False,True,True,Medium Forb/Herb,3,0.00510204081632653
Radial,7,15,False,True,True,Medium Forb/Herb,6,0.00510204081632653
Radial,7,15,False,True,True,Medium Non-tufted grass/sedge,0,0.20408163265306123
Radial,7,15,False,True,True,Medium Non-tufted grass/sedge,3,0.40816326530612246
Radial,7,15,False,True,True,Medium Non-tufted grass/sedge,6,0.30612244897959184
Radial,7,15,False,True,True,Prostrate or Mat-forming Forb/Herb,0,0.00510204081632653
Radial,7,15,False,True,True,Prostrate or Mat-forming Forb/Herb,3,0.00510204081632653
Radial,7,15,False,True,True,Prostrate or Mat-forming Forb/Herb,6,0.00510204081632653
Radial,7,15,False,True,True,Small Tufted grass/sedge,0,0.0
Radial,7,15,False,True,True,Small Tufted grass/sedge,3,0.0
Radial,7,15,False,True,True,Small Tufted grass/sedge,6,0.05102040816326531
Radial,7,16,True,False,False,Large Forb/Herb,0,0.05660377358490566
Radial,7,16,True,False,False,Large Forb/Herb,3,0.05660377358490566
Radial,7,16,True,False,False,Large Forb/Herb,6,0.03773584905660377
Radial,7,16,True,False,False,Medium Forb/Herb,0,0.1320754716981132
Radial,7,16,True,False,False,Medium Forb/Herb,3,0.1320754716981132
Radial,7,16,True,False,False,Medium Forb/Herb,6,0.07547169811320754
Radial,7,16,True,False,False,Medium Tufted grass/sedge,0,0.0
Radial,7,16,True,False,False,Medium Tufted grass/sedge,3,0.0
Radial,7,16,True,False,False,Medium Tufted grass/sedge,6,0.03773584905660377
Radial,7,16,True,False,False,Prostrate or Mat-forming Forb/Herb,0,0.03773584905660377
Radial,7,16,True,False,False,Prostrate or Mat-forming Forb/Herb,3,0.018867924528301886
Radial,7,16,True,False,False,Prostrate or Mat-forming Forb/Herb,6,0.0
Radial,7,16,True,False,False,Small Tufted grass/sedge,0,0.18867924528301888
Radial,7,16,True,False,False,Small Tufted grass/sedge,3,0.18867924528301888
Radial,7,16,True,False,False,Small Tufted grass/sedge,6,0.03773584905660377
Radial,7,16,True,False,True,Large Tufted grass/sedge,0,0.047619047619047616
Radial,7,16,True,False,True,Large Tufted grass/sedge,3,0.047619047619047616
Radial,7,16,True,False,True,Large Tufted grass/sedge,6,0.23809523809523808
Radial,7,16,True,False,True,Medium Non-tufted grass/sedge,0,0.023809523809523808
Radial,7,16,True,False,True,Medium Non-tufted grass/sedge,3,0.047619047619047616
Radial,7,16,True,False,True,Medium Non-tufted grass/sedge,6,0.047619047619047616
Radial,7,16,True,False,True,Prostrate or Mat-forming Forb/Herb,0,0.047619047619047616
Radial,7,16,True,False,True,Prostrate or Mat-forming Forb/Herb,3,0.0
Radial,7,16,True,False,True,Prostrate or Mat-forming Forb/Herb,6,0.023809523809523808
Radial,7,16,True,False,True,Small Tufted grass/sedge,0,0.0
Radial,7,16,True,False,True,Small Tufted grass/sedge,3,0.0
Radial,7,16,True,False,True,Small Tufted grass/sedge,6,0.47619047619047616
Radial,7,17,False,False,False,Large Forb/Herb,0,0.029411764705882353
Radial,7,17,False,False,False,Large Forb/Herb,3,0.00980392156862745
Radial,7,17,False,False,False,Large Forb/Herb,6,0.00980392156862745
Radial,7,17,False,False,False,Medium Forb/Herb,0,0.0196078431372549
Radial,7,17,False,False,False,Medium Forb/Herb,3,0.16666666666666666
Radial,7,17,False,False,False,Medium Forb/Herb,6,0.029411764705882353
Radial,7,17,False,False,False,Medium Tufted grass/sedge,0,0.00980392156862745
Radial,7,17,False,False,False,Medium Tufted grass/sedge,3,0.0
Radial,7,17,False,False,False,Medium Tufted grass/sedge,6,0.0
Radial,7,17,False,False,False,Prostrate or Mat-forming Forb/Herb,0,0.00980392156862745
Radial,7,17,False,False,False,Prostrate or Mat-forming Forb/Herb,3,0.0
Radial,7,17,False,False,False,Prostrate or Mat-forming Forb/Herb,6,0.0
Radial,7,17,False,False,False,Small Tufted grass/sedge,0,0.5980392156862745
Radial,7,17,False,False,False,Small Tufted grass/sedge,3,0.10784313725490197
Radial,7,17,False,False,False,Small Tufted grass/sedge,6,0.00980392156862745
Radial,7,17,False,False,True,Medium Forb/Herb,0,0.07142857142857142
Radial,7,17,False,False,True,Medium Forb/Herb,3,0.21428571428571427
Radial,7,17,False,False,True,Medium Forb/Herb,6,0.14285714285714285
Radial,7,17,False,False,True,Medium Non-tufted grass/sedge,0,0.07142857142857142
Radial,7,17,False,False,True,Medium Non-tufted grass/sedge,3,0.0
Radial,7,17,False,False,True,Medium Non-tufted grass/sedge,6,0.07142857142857142
Radial,7,17,False,False,True,Prostrate or Mat-forming Forb/Herb,0,0.07142857142857142
Radial,7,17,False,False,True,Prostrate or Mat-forming Forb/Herb,3,0.14285714285714285
Radial,7,17,False,False,True,Prostrate or Mat-forming Forb/Herb,6,0.07142857142857142
Radial,7,17,False,False,True,Small Tufted grass/sedge,0,0.0
Radial,7,17,False,False,True,Small Tufted grass/sedge,3,0.0
Radial,7,17,False,False,True,Small Tufted grass/sedge,6,0.14285714285714285
Radial,7,18,True,True,False,Climber,0,0.0
Radial,7,18,True,True,False,Climber,3,0.00390625
Radial,7,18,True,True,False,Climber,6,0.00390625
Radial,7,18,True,True,False,Large Forb/Herb,0,0.01171875
Radial,7,18,True,True,False,Large Forb/Herb,3,0.015625
Radial,7,18,True,True,False,Large Forb/Herb,6,0.01171875
Radial,7,18,True,True,False,Large Tufted grass/sedge,0,0.0078125
Radial,7,18,True,True,False,Large Tufted grass/sedge,3,0.31640625
Radial,7,18,True,True,False,Large Tufted grass/sedge,6,0.0
Radial,7,18,True,True,False,Medium Forb/Herb,0,0.01171875
Radial,7,18,True,True,False,Medium Forb/Herb,3,0.109375
Radial,7,18,True,True,False,Medium Forb/Herb,6,0.01171875
Radial,7,18,True,True,False,Medium Tufted grass/sedge,0,0.0
Radial,7,18,True,True,False,Medium Tufted grass/sedge,3,0.0
Radial,7,18,True,True,False,Medium Tufted grass/sedge,6,0.390625
Radial,7,18,True,True,False,Prostrate or Mat-forming Forb/Herb,0,0.00390625
Radial,7,18,True,True,False,Prostrate or Mat-forming Forb/Herb,3,0.00390625
Radial,7,18,True,True,False,Prostrate or Mat-forming Forb/Herb,6,0.0078125
Radial,7,18,True,True,False,Small Tufted grass/sedge,0,0.0078125
Radial,7,18,True,True,False,Small Tufted grass/sedge,3,0.078125
Radial,7,18,True,True,False,Small Tufted grass/sedge,6,0.00390625
Radial,7,18,True,True,True,Medium Forb/Herb,0,0.08333333333333333
Radial,7,18,True,True,True,Medium Forb/Herb,3,0.16666666666666666
Radial,7,18,True,True,True,Medium Forb/Herb,6,0.08333333333333333
Radial,7,18,True,True,True,Medium Non-tufted grass/sedge,0,0.08333333333333333
Radial,7,18,True,True,True,Medium Non-tufted grass/sedge,3,0.08333333333333333
Radial,7,18,True,True,True,Medium Non-tufted grass/sedge,6,0.08333333333333333
Radial,7,18,True,True,True,Prostrate Shrub,0,0.08333333333333333
Radial,7,18,True,True,True,Prostrate Shrub,3,0.0
Radial,7,18,True,True,True,Prostrate Shrub,6,0.0
Radial,7,18,True,True,True,Prostrate or Mat-forming Forb/Herb,0,0.08333333333333333
Radial,7,18,True,True,True,Prostrate or Mat-forming Forb/Herb,3,0.08333333333333333
Radial,7,18,True,True,True,Prostrate or Mat-forming Forb/Herb,6,0.08333333333333333
Radial,7,18,True,True,True,Small Tufted grass/sedge,0,0.0
Radial,7,18,True,True,True,Small Tufted grass/sedge,3,0.0
Radial,7,18,True,True,True,Small Tufted grass/sedge,6,0.08333333333333333
Radial,7,19,False,True,False,Large Forb/Herb,0,0.005681818181818182
Radial,7,19,False,True,False,Large Forb/Herb,3,0.011363636363636364
Radial,7,19,False,True,False,Large Forb/Herb,6,0.011363636363636364
Radial,7,19,False,True,False,Medium Forb/Herb,0,0.0
Radial,7,19,False,True,False,Medium Forb/Herb,3,0.022727272727272728
Radial,7,19,False,True,False,Medium Forb/Herb,6,0.022727272727272728
Radial,7,19,False,True,False,Medium Tufted grass/sedge,0,0.0
Radial,7,19,False,True,False,Medium Tufted grass/sedge,3,0.0
Radial,7,19,False,True,False,Medium Tufted grass/sedge,6,0.7954545454545454
Radial,7,19,False,True,False,Prostrate or Mat-forming Forb/Herb,0,0.005681818181818182
Radial,7,19,False,True,False,Prostrate or Mat-forming Forb/Herb,3,0.0
Radial,7,19,False,True,False,Prostrate or Mat-forming Forb/Herb,6,0.005681818181818182
Radial,7,19,False,True,False,Small Tufted grass/sedge,0,0.056818181818181816
Radial,7,19,False,True,False,Small Tufted grass/sedge,3,0.056818181818181816
Radial,7,19,False,True,False,Small Tufted grass/sedge,6,0.005681818181818182
Radial,7,19,False,True,True,Medium Forb/Herb,0,0.0
Radial,7,19,False,True,True,Medium Forb/Herb,3,0.125
Radial,7,19,False,True,True,Medium Forb/Herb,6,0.125
Radial,7,19,False,True,True,Medium Non-tufted grass/sedge,0,0.125
Radial,7,19,False,True,True,Medium Non-tufted grass/sedge,3,0.125
Radial,7,19,False,True,True,Medium Non-tufted grass/sedge,6,0.0
Radial,7,19,False,True,True,Prostrate or Mat-forming Forb/Herb,0,0.125
Radial,7,19,False,True,True,Prostrate or Mat-forming Forb/Herb,3,0.0
Radial,7,19,False,True,True,Prostrate or Mat-forming Forb/Herb,6,0.125
Radial,7,19,False,True,True,Small Tufted grass/sedge,0,0.0
Radial,7,19,False,True,True,Small Tufted grass/sedge,3,0.0
Radial,7,19,False,True,True,Small Tufted grass/sedge,6,0.25
Radial,7,20,True,True,False,Large Forb/Herb,0,0.014705882352941176
Radial,7,20,True,True,False,Large Forb/Herb,3,0.014705882352941176
Radial,7,20,True,True,False,Large Forb/Herb,6,0.014705882352941176
Radial,7,20,True,True,False,Medium Forb/Herb,0,0.0196078431372549
Radial,7,20,True,True,False,Medium Forb/Herb,3,0.024509803921568627
Radial,7,20,True,True,False,Medium Forb/Herb,6,0.049019607843137254
Radial,7,20,True,True,False,Medium Tufted grass/sedge,0,0.0
Radial,7,20,True,True,False,Medium Tufted grass/sedge,3,0.0
Radial,7,20,True,True,False,Medium Tufted grass/sedge,6,0.7843137254901961
Radial,7,20,True,True,False,Prostrate or Mat-forming Forb/Herb,0,0.0
Radial,7,20,True,True,False,Prostrate or Mat-forming Forb/Herb,3,0.004901960784313725
Radial,7,20,True,True,False,Prostrate or Mat-forming Forb/Herb,6,0.00980392156862745
Radial,7,20,True,True,False,Small Tufted grass/sedge,0,0.00980392156862745
Radial,7,20,True,True,False,Small Tufted grass/sedge,3,0.049019607843137254
Radial,7,20,True,True,False,Small Tufted grass/sedge,6,0.004901960784313725
Radial,7,20,True,True,True,Large Forb/Herb,0,0.0
Radial,7,20,True,True,True,Large Forb/Herb,3,0.0
Radial,7,20,True,True,True,Large Forb/Herb,6,0.07692307692307693
Radial,7,20,True,True,True,Medium Forb/Herb,0,0.07692307692307693
Radial,7,20,True,True,True,Medium Forb/Herb,3,0.15384615384615385
Radial,7,20,True,True,True,Medium Forb/Herb,6,0.07692307692307693
Radial,7,20,True,True,True,Medium Non-tufted grass/sedge,0,0.07692307692307693
Radial,7,20,True,True,True,Medium Non-tufted grass/sedge,3,0.0
Radial,7,20,True,True,True,Medium Non-tufted grass/sedge,6,0.07692307692307693
Radial,7,20,True,True,True,Prostrate or Mat-forming Forb/Herb,0,0.07692307692307693
Radial,7,20,True,True,True,Prostrate or Mat-forming Forb/Herb,3,0.15384615384615385
Radial,7,20,True,True,True,Prostrate or Mat-forming Forb/Herb,6,0.07692307692307693
Radial,7,20,True,True,True,Small Tufted grass/sedge,0,0.0
Radial,7,20,True,True,True,Small Tufted grass/sedge,3,0.0
Radial,7,20,True,True,True,Small Tufted grass/sedge,6,0.15384615384615385
Radial,7,21,False,False,False,Large Forb/Herb,0,0.010238907849829351
Radial,7,21,False,False,False,Large Forb/Herb,3,0.013651877133105802
Radial,7,21,False,False,False,Large Forb/Herb,6,0.0034129692832764505
Radial,7,21,False,False,False,Large Tufted grass/sedge,0,0.0034129692832764505
Radial,7,21,False,False,False,Large Tufted grass/sedge,3,0.0
Radial,7,21,False,False,False,Large Tufted grass/sedge,6,0.0
Radial,7,21,False,False,False,Medium Forb/Herb,0,0.07508532423208192
Radial,7,21,False,False,False,Medium Forb/Herb,3,0.07508532423208192
Radial,7,21,False,False,False,Medium Forb/Herb,6,0.013651877133105802
Radial,7,21,False,False,False,Medium Tufted grass/sedge,0,0.0034129692832764505
Radial,7,21,False,False,False,Medium Tufted grass/sedge,3,0.0034129692832764505
Radial,7,21,False,False,False,Medium Tufted grass/sedge,6,0.40955631399317405
Radial,7,21,False,False,False,Prostrate or Mat-forming Forb/Herb,0,0.0034129692832764505
Radial,7,21,False,False,False,Prostrate or Mat-forming Forb/Herb,3,0.0
Radial,7,21,False,False,False,Prostrate or Mat-forming Forb/Herb,6,0.0
Radial,7,21,False,False,False,Small Non-tufted grass/sedge,0,0.0
Radial,7,21,False,False,False,Small Non-tufted grass/sedge,3,0.006825938566552901
Radial,7,21,False,False,False,Small Non-tufted grass/sedge,6,0.0
Radial,7,21,False,False,False,Small Tufted grass/sedge,0,0.3412969283276451
Radial,7,21,False,False,False,Small Tufted grass/sedge,3,0.03754266211604096
Radial,7,21,False,False,False,Small Tufted grass/sedge,6,0.0
Radial,7,21,False,False,True,Medium Forb/Herb,0,0.0
Radial,7,21,False,False,True,Medium Forb/Herb,3,0.0784313725490196
Radial,7,21,False,False,True,Medium Forb/Herb,6,0.0196078431372549
Radial,7,21,False,False,True,Medium Non-tufted grass/sedge,0,0.0196078431372549
Radial,7,21,False,False,True,Medium Non-tufted grass/sedge,3,0.0
Radial,7,21,False,False,True,Medium Non-tufted grass/sedge,6,0.0196078431372549
Radial,7,21,False,False,True,Prostrate or Mat-forming Forb/Herb,0,0.7843137254901961
Radial,7,21,False,False,True,Prostrate or Mat-forming Forb/Herb,3,0.0392156862745098
Radial,7,21,False,False,True,Prostrate or Mat-forming Forb/Herb,6,0.0
Radial,7,21,False,False,True,Small Tufted grass/sedge,0,0.0
Radial,7,21,False,False,True,Small Tufted grass/sedge,3,0.0
Radial,7,21,False,False,True,Small Tufted grass/sedge,6,0.0392156862745098
Radial,7,22,True,False,False,Large Forb/Herb,0,0.11538461538461539
Radial,7,22,True,False,False,Large Forb/Herb,3,0.07692307692307693
Radial,7,22,True,False,False,Large Forb/Herb,6,0.0
Radial,7,22,True,False,False,Medium Forb/Herb,0,0.11538461538461539
Radial,7,22,True,False,False,Medium Forb/Herb,3,0.19230769230769232
Radial,7,22,True,False,False,Medium Forb/Herb,6,0.11538461538461539
Radial,7,22,True,False,False,Medium Non-tufted grass/sedge,0,0.0
Radial,7,22,True,False,False,Medium Non-tufted grass/sedge,3,0.0
Radial,7,22,True,False,False,Medium Non-tufted grass/sedge,6,0.07692307692307693
Radial,7,22,True,False,False,Medium Tufted grass/sedge,0,0.038461538461538464
Radial,7,22,True,False,False,Medium Tufted grass/sedge,3,0.0
Radial,7,22,True,False,False,Medium Tufted grass/sedge,6,0.0
Radial,7,22,True,False,False,Prostrate or Mat-forming Forb/Herb,0,0.038461538461538464
Radial,7,22,True,False,False,Prostrate or Mat-forming Forb/Herb,3,0.0
Radial,7,22,True,False,False,Prostrate or Mat-forming Forb/Herb,6,0.038461538461538464
Radial,7,22,True,False,False,Small Tufted grass/sedge,0,0.07692307692307693
Radial,7,22,True,False,False,Small Tufted grass/sedge,3,0.07692307692307693
Radial,7,22,True,False,False,Small Tufted grass/sedge,6,0.038461538461538464
Radial,7,22,True,False,True,Medium Non-tufted grass/sedge,0,0.25
Radial,7,22,True,False,True,Medium Non-tufted grass/sedge,3,0.25
Radial,7,22,True,False,True,Medium Non-tufted grass/sedge,6,0.0
Radial,7,22,True,False,True,Prostrate or Mat-forming Forb/Herb,0,0.25
Radial,7,22,True,False,True,Prostrate or Mat-forming Forb/Herb,3,0.0
Radial,7,22,True,False,True,Prostrate or Mat-forming Forb/Herb,6,0.0
Radial,7,22,True,False,True,Small Tufted grass/sedge,0,0.0
Radial,7,22,True,False,True,Small Tufted grass/sedge,3,0.0
Radial,7,22,True,False,True,Small Tufted grass/sedge,6,0.25
Radial,7,23,False,False,False,Large Forb/Herb,0,0.014705882352941176
Radial,7,23,False,False,False,Large Forb/Herb,3,0.014705882352941176
Radial,7,23,False,False,False,Large Forb/Herb,6,0.014705882352941176
Radial,7,23,False,False,False,Large Tufted grass/sedge,0,0.014705882352941176
Radial,7,23,False,False,False,Large Tufted grass/sedge,3,0.029411764705882353
Radial,7,23,False,False,False,Large Tufted grass/sedge,6,0.0
Radial,7,23,False,False,False,Medium Forb/Herb,0,0.04411764705882353
Radial,7,23,False,False,False,Medium Forb/Herb,3,0.11764705882352941
Radial,7,23,False,False,False,Medium Forb/Herb,6,0.04411764705882353
Radial,7,23,False,False,False,Medium Tufted grass/sedge,0,0.014705882352941176
Radial,7,23,False,False,False,Medium Tufted grass/sedge,3,0.014705882352941176
Radial,7,23,False,False,False,Medium Tufted grass/sedge,6,0.029411764705882353
Radial,7,23,False,False,False,Prostrate or Mat-forming Forb/Herb,0,0.014705882352941176
Radial,7,23,False,False,False,Prostrate or Mat-forming Forb/Herb,3,0.0
Radial,7,23,False,False,False,Prostrate or Mat-forming Forb/Herb,6,0.014705882352941176
Radial,7,23,False,False,False,Small Shrub,0,0.0
Radial,7,23,False,False,False,Small Shrub,3,0.0
Radial,7,23,False,False,False,Small Shrub,6,0.014705882352941176
Radial,7,23,False,False,False,Small Tufted grass/sedge,0,0.29411764705882354
Radial,7,23,False,False,False,Small Tufted grass/sedge,3,0.29411764705882354
Radial,7,23,False,False,False,Small Tufted grass/sedge,6,0.014705882352941176
Radial,7,23,False,False,True,Medium Forb/Herb,0,0.05
Radial,7,23,False,False,True,Medium Forb/Herb,3,0.1
Radial,7,23,False,False,True,Medium Forb/Herb,6,0.05
Radial,7,23,False,False,True,Medium Non-tufted grass/sedge,0,0.05
Radial,7,23,False,False,True,Medium Non-tufted grass/sedge,3,0.05
Radial,7,23,False,False,True,Medium Non-tufted grass/sedge,6,0.05
Radial,7,23,False,False,True,Prostrate or Mat-forming Forb/Herb,0,0.5
Radial,7,23,False,False,True,Prostrate or Mat-forming Forb/Herb,3,0.1
Radial,7,23,False,False,True,Prostrate or Mat-forming Forb/Herb,6,0.0
Radial,7,23,False,False,True,Small Tufted grass/sedge,0,0.0
Radial,7,23,False,False,True,Small Tufted grass/sedge,3,0.0
Radial,7,23,False,False,True,Small Tufted grass/sedge,6,0.05
Radial,7,24,True,False,False,Large Forb/Herb,0,0.1
Radial,7,24,True,False,False,Large Forb/Herb,3,0.15
Radial,7,24,True,False,False,Large Forb/Herb,6,0.05
Radial,7,24,True,False,False,Medium Forb/Herb,0,0.05
Radial,7,24,True,False,False,Medium Forb/Herb,3,0.25
Radial,7,24,True,False,False,Medium Forb/Herb,6,0.1
Radial,7,24,True,False,False,Prostrate or Mat-forming Forb/Herb,0,0.05
Radial,7,24,True,False,False,Prostrate or Mat-forming Forb/Herb,3,0.05
Radial,7,24,True,False,False,Prostrate or Mat-forming Forb/Herb,6,0.05
Radial,7,24,True,False,False,Small Tufted grass/sedge,0,0.05
Radial,7,24,True,False,False,Small Tufted grass/sedge,3,0.05
Radial,7,24,True,False,False,Small Tufted grass/sedge,6,0.05
Radial,7,24,True,False,True,Medium Forb/Herb,0,0.125
Radial,7,24,True,False,True,Medium Forb/Herb,3,0.25
Radial,7,24,True,False,True,Medium Forb/Herb,6,0.125
Radial,7,24,True,False,True,Medium Non-tufted grass/sedge,0,0.125
Radial,7,24,True,False,True,Medium Non-tufted grass/sedge,3,0.125
Radial,7,24,True,False,True,Medium Non-tufted grass/sedge,6,0.125
Radial,7,24,True,False,True,Prostrate or Mat-forming Forb/Herb,0,0.0
Radial,7,24,True,False,True,Prostrate or Mat-forming Forb/Herb,3,0.0
Radial,7,24,True,False,True,Prostrate or Mat-forming Forb/Herb,6,0.125
Radial,7,25,False,False,False,Large Forb/Herb,0,0.09803921568627451
Radial,7,25,False,False,False,Large Forb/Herb,3,0.0392156862745098
Radial,7,25,False,False,False,Large Forb/Herb,6,0.0196078431372549
Radial,7,25,False,False,False,Large Tufted grass/sedge,0,0.19607843137254902
Radial,7,25,False,False,False,Large Tufted grass/sedge,3,0.0
Radial,7,25,False,False,False,Large Tufted grass/sedge,6,0.0
Radial,7,25,False,False,False,Medium Forb/Herb,0,0.0392156862745098
Radial,7,25,False,False,False,Medium Forb/Herb,3,0.058823529411764705
Radial,7,25,False,False,False,Medium Forb/Herb,6,0.0392156862745098
Radial,7,25,False,False,False,Medium Tufted grass/sedge,0,0.0
Radial,7,25,False,False,False,Medium Tufted grass/sedge,3,0.0
Radial,7,25,False,False,False,Medium Tufted grass/sedge,6,0.0196078431372549
Radial,7,25,False,False,False,Prostrate or Mat-forming Forb/Herb,0,0.0196078431372549
Radial,7,25,False,False,False,Prostrate or Mat-forming Forb/Herb,3,0.0
Radial,7,25,False,False,False,Prostrate or Mat-forming Forb/Herb,6,0.0392156862745098
Radial,7,25,False,False,False,Small Tufted grass/sedge,0,0.19607843137254902
Radial,7,25,False,False,False,Small Tufted grass/sedge,3,0.21568627450980393
Radial,7,25,False,False,False,Small Tufted grass/sedge,6,0.0196078431372549
Radial,7,25,False,False,True,Medium Forb/Herb,0,0.045454545454545456
Radial,7,25,False,False,True,Medium Forb/Herb,3,0.09090909090909091
Radial,7,25,False,False,True,Medium Forb/Herb,6,0.09090909090909091
Radial,7,25,False,False,True,Medium Non-tufted grass/sedge,0,0.0
Radial,7,25,False,False,True,Medium Non-tufted grass/sedge,3,0.045454545454545456
Radial,7,25,False,False,True,Medium Non-tufted grass/sedge,6,0.045454545454545456
Radial,7,25,False,False,True,Prostrate Shrub,0,0.045454545454545456
Radial,7,25,False,False,True,Prostrate Shrub,3,0.045454545454545456
Radial,7,25,False,False,True,Prostrate Shrub,6,0.045454545454545456
Radial,7,25,False,False,True,Prostrate or Mat-forming Forb/Herb,0,0.045454545454545456
Radial,7,25,False,False,True,Prostrate or Mat-forming Forb/Herb,3,0.45454545454545453
Radial,7,25,False,False,True,Prostrate or Mat-forming Forb/Herb,6,0.0
Radial,7,25,False,False,True,Small Tufted grass/sedge,0,0.0
Radial,7,25,False,False,True,Small Tufted grass/sedge,3,0.0
Radial,7,25,False,False,True,Small Tufted grass/sedge,6,0.045454545454545456
Radial,7,26,True,True,False,Large Forb/Herb,0,0.015748031496062992
Radial,7,26,True,True,False,Large Forb/Herb,3,0.003937007874015748
Radial,7,26,True,True,False,Large Forb/Herb,6,0.011811023622047244
Radial,7,26,True,True,False,Large Tufted grass/sedge,0,0.0
Radial,7,26,True,True,False,Large Tufted grass/sedge,3,0.007874015748031496
Radial,7,26,True,True,False,Large Tufted grass/sedge,6,0.0
Radial,7,26,True,True,False,Medium Forb/Herb,0,0.023622047244094488
Radial,7,26,True,True,False,Medium Forb/Herb,3,0.015748031496062992
Radial,7,26,True,True,False,Medium Forb/Herb,6,0.003937007874015748
Radial,7,26,True,True,False,Medium Tufted grass/sedge,0,0.0
Radial,7,26,True,True,False,Medium Tufted grass/sedge,3,0.003937007874015748
Radial,7,26,True,True,False,Medium Tufted grass/sedge,6,0.33070866141732286
Radial,7,26,True,True,False,Prostrate or Mat-forming Forb/Herb,0,0.007874015748031496
Radial,7,26,True,True,False,Prostrate or Mat-forming Forb/Herb,3,0.003937007874015748
Radial,7,26,True,True,False,Prostrate or Mat-forming Forb/Herb,6,0.003937007874015748
Radial,7,26,True,True,False,Small Tufted grass/sedge,0,0.4015748031496063
Radial,7,26,True,True,False,Small Tufted grass/sedge,3,0.15748031496062992
Radial,7,26,True,True,False,Small Tufted grass/sedge,6,0.007874015748031496
Radial,7,26,True,True,True,Medium Forb/Herb,0,0.03571428571428571
Radial,7,26,True,True,True,Medium Forb/Herb,3,0.07142857142857142
Radial,7,26,True,True,True,Medium Forb/Herb,6,0.03571428571428571
Radial,7,26,True,True,True,Medium Non-tufted grass/sedge,0,0.35714285714285715
Radial,7,26,True,True,True,Medium Non-tufted grass/sedge,3,0.35714285714285715
Radial,7,26,True,True,True,Medium Non-tufted grass/sedge,6,0.03571428571428571
Radial,7,26,True,True,True,Prostrate or Mat-forming Forb/Herb,0,0.03571428571428571
Radial,7,26,True,True,True,Prostrate or Mat-forming Forb/Herb,3,0.03571428571428571
Radial,7,26,True,True,True,Prostrate or Mat-forming Forb/Herb,6,0.0
Radial,7,26,True,True,True,Small Forb/Herb,0,0.0
Radial,7,26,True,True,True,Small Forb/Herb,3,0.0
Radial,7,26,True,True,True,Small Forb/Herb,6,0.03571428571428571
Radial,7,27,False,True,False,Large Forb/Herb,0,0.056338028169014086
Radial,7,27,False,True,False,Large Forb/Herb,3,0.028169014084507043
Radial,7,27,False,True,False,Large Forb/Herb,6,0.014084507042253521
Radial,7,27,False,True,False,Large Tufted grass/sedge,0,0.028169014084507043
Radial,7,27,False,True,False,Large Tufted grass/sedge,3,0.0
Radial,7,27,False,True,False,Large Tufted grass/sedge,6,0.0
Radial,7,27,False,True,False,Medium Forb/Herb,0,0.04225352112676056
Radial,7,27,False,True,False,Medium Forb/Herb,3,0.028169014084507043
Radial,7,27,False,True,False,Medium Forb/Herb,6,0.04225352112676056
Radial,7,27,False,True,False,Medium Tufted grass/sedge,0,0.0
Radial,7,27,False,True,False,Medium Tufted grass/sedge,3,0.0
Radial,7,27,False,True,False,Medium Tufted grass/sedge,6,0.028169014084507043
Radial,7,27,False,True,False,Prostrate or Mat-forming Forb/Herb,0,0.014084507042253521
Radial,7,27,False,True,False,Prostrate or Mat-forming Forb/Herb,3,0.014084507042253521
Radial,7,27,False,True,False,Prostrate or Mat-forming Forb/Herb,6,0.0
Radial,7,27,False,True,False,Small Tufted grass/sedge,0,0.5633802816901409
Radial,7,27,False,True,False,Small Tufted grass/sedge,3,0.14084507042253522
Radial,7,27,False,True,False,Small Tufted grass/sedge,6,0.0
Radial,7,27,False,True,True,Climber,0,0.005813953488372093
Radial,7,27,False,True,True,Climber,3,0.0
Radial,7,27,False,True,True,Climber,6,0.0
Radial,7,27,False,True,True,Medium Forb/Herb,0,0.011627906976744186
Radial,7,27,False,True,True,Medium Forb/Herb,3,0.01744186046511628
Radial,7,27,False,True,True,Medium Forb/Herb,6,0.029069767441860465
Radial,7,27,False,True,True,Medium Non-tufted grass/sedge,0,0.3488372093023256
Radial,7,27,False,True,True,Medium Non-tufted grass/sedge,3,0.23255813953488372
Radial,7,27,False,True,True,Medium Non-tufted grass/sedge,6,0.11627906976744186
Radial,7,27,False,True,True,Prostrate or Mat-forming Forb/Herb,0,0.11627906976744186
Radial,7,27,False,True,True,Prostrate or Mat-forming Forb/Herb,3,0.11627906976744186
Radial,7,27,False,True,True,Prostrate or Mat-forming Forb/Herb,6,0.005813953488372093
Radial,7,28,True,True,False,Large Forb/Herb,0,0.06521739130434782
Radial,7,28,True,True,False,Large Forb/Herb,3,0.06521739130434782
Radial,7,28,True,True,False,Large Forb/Herb,6,0.021739130434782608
Radial,7,28,True,True,False,Large Tufted grass/sedge,0,0.021739130434782608
Radial,7,28,True,True,False,Large Tufted grass/sedge,3,0.021739130434782608
Radial,7,28,True,True,False,Large Tufted grass/sedge,6,0.0
Radial,7,28,True,True,False,Medium Forb/Herb,0,0.08695652173913043
Radial,7,28,True,True,False,Medium Forb/Herb,3,0.13043478260869565
Radial,7,28,True,True,False,Medium Forb/Herb,6,0.021739130434782608
Radial,7,28,True,True,False,Medium Tufted grass/sedge,0,0.0
Radial,7,28,True,True,False,Medium Tufted grass/sedge,3,0.0
Radial,7,28,True,True,False,Medium Tufted grass/sedge,6,0.021739130434782608
Radial,7,28,True,True,False,Prostrate or Mat-forming Forb/Herb,0,0.021739130434782608
Radial,7,28,True,True,False,Prostrate or Mat-forming Forb/Herb,3,0.021739130434782608
Radial,7,28,True,True,False,Prostrate or Mat-forming Forb/Herb,6,0.0
Radial,7,28,True,True,False,Small Non-tufted grass/sedge,0,0.0
Radial,7,28,True,True,False,Small Non-tufted grass/sedge,3,0.021739130434782608
Radial,7,28,True,True,False,Small Non-tufted grass/sedge,6,0.0
Radial,7,28,True,True,False,Small Tufted grass/sedge,0,0.043478260869565216
Radial,7,28,True,True,False,Small Tufted grass/sedge,3,0.43478260869565216
Radial,7,28,True,True,False,Small Tufted grass/sedge,6,0.0
Radial,7,28,True,True,True,Medium Forb/Herb,0,0.0
Radial,7,28,True,True,True,Medium Forb/Herb,3,0.16666666666666666
Radial,7,28,True,True,True,Medium Forb/Herb,6,0.08333333333333333
Radial,7,28,True,True,True,Medium Non-tufted grass/sedge,0,0.08333333333333333
Radial,7,28,True,True,True,Medium Non-tufted grass/sedge,3,0.16666666666666666
Radial,7,28,True,True,True,Medium Non-tufted grass/sedge,6,0.08333333333333333
Radial,7,28,True,True,True,Small Tufted grass/sedge,0,0.0
Radial,7,28,True,True,True,Small Tufted grass/sedge,3,0.0
Radial,7,28,True,True,True,Small Tufted grass/sedge,6,0.08333333333333333
Radial,7,28,True,True,True,Tufted Ground Fern,0,0.08333333333333333
Radial,7,28,True,True,True,Tufted Ground Fern,3,0.16666666666666666
Radial,7,28,True,True,True,Tufted Ground Fern,6,0.08333333333333333
Radial,7,29,False,True,False,Large Forb/Herb,0,0.023809523809523808
Radial,7,29,False,True,False,Large Forb/Herb,3,0.023809523809523808
Radial,7,29,False,True,False,Large Forb/Herb,6,0.0
Radial,7,29,False,True,False,Large Tufted grass/sedge,0,0.023809523809523808
Radial,7,29,False,True,False,Large Tufted grass/sedge,3,0.047619047619047616
Radial,7,29,False,True,False,Large Tufted grass/sedge,6,0.0
Radial,7,29,False,True,False,Medium Forb/Herb,0,0.07142857142857142
Radial,7,29,False,True,False,Medium Forb/Herb,3,0.14285714285714285
Radial,7,29,False,True,False,Medium Forb/Herb,6,0.047619047619047616
Radial,7,29,False,True,False,Medium Tufted grass/sedge,0,0.0
Radial,7,29,False,True,False,Medium Tufted grass/sedge,3,0.0
Radial,7,29,False,True,False,Medium Tufted grass/sedge,6,0.023809523809523808
Radial,7,29,False,True,False,Prostrate or Mat-forming Forb/Herb,0,0.047619047619047616
Radial,7,29,False,True,False,Prostrate or Mat-forming Forb/Herb,3,0.0
Radial,7,29,False,True,False,Prostrate or Mat-forming Forb/Herb,6,0.23809523809523808
Radial,7,29,False,True,False,Small Non-tufted grass/sedge,0,0.0
Radial,7,29,False,True,False,Small Non-tufted grass/sedge,3,0.023809523809523808
Radial,7,29,False,True,False,Small Non-tufted grass/sedge,6,0.0
Radial,7,29,False,True,False,Small Tufted grass/sedge,0,0.23809523809523808
Radial,7,29,False,True,False,Small Tufted grass/sedge,3,0.047619047619047616
Radial,7,29,False,True,False,Small Tufted grass/sedge,6,0.0
Radial,7,29,False,True,True,Medium Forb/Herb,0,0.07692307692307693
Radial,7,29,False,True,True,Medium Forb/Herb,3,0.07692307692307693
Radial,7,29,False,True,True,Medium Forb/Herb,6,0.15384615384615385
Radial,7,29,False,True,True,Medium Non-tufted grass/sedge,0,0.0
Radial,7,29,False,True,True,Medium Non-tufted grass/sedge,3,0.15384615384615385
Radial,7,29,False,True,True,Medium Non-tufted grass/sedge,6,0.07692307692307693
Radial,7,29,False,True,True,Prostrate or Mat-forming Forb/Herb,0,0.15384615384615385
Radial,7,29,False,True,True,Prostrate or Mat-forming Forb/Herb,3,0.15384615384615385
Radial,7,29,False,True,True,Prostrate or Mat-forming Forb/Herb,6,0.07692307692307693
Radial,7,29,False,True,True,Small Tufted grass/sedge,0,0.0
Radial,7,29,False,True,True,Small Tufted grass/sedge,3,0.0
Radial,7,29,False,True,True,Small Tufted grass/sedge,6,0.07692307692307693
Radial,7,30,True,True,False,Large Forb/Herb,0,0.01932367149758454
Radial,7,30,True,True,False,Large Forb/Herb,3,0.01932367149758454
Radial,7,30,True,True,False,Large Forb/Herb,6,0.014492753623188406
Radial,7,30,True,True,False,Large Tufted grass/sedge,0,0.05314009661835749
Radial,7,30,True,True,False,Large Tufted grass/sedge,3,0.3864734299516908
Radial,7,30,True,True,False,Large Tufted grass/sedge,6,0.0
Radial,7,30,True,True,False,Medium Forb/Herb,0,0.024154589371980676
Radial,7,30,True,True,False,Medium Forb/Herb,3,0.04830917874396135
Radial,7,30,True,True,False,Medium Forb/Herb,6,0.014492753623188406
Radial,7,30,True,True,False,Medium Tufted grass/sedge,0,0.0
Radial,7,30,True,True,False,Medium Tufted grass/sedge,3,0.0
Radial,7,30,True,True,False,Medium Tufted grass/sedge,6,0.391304347826087
Radial,7,30,True,True,False,Prostrate or Mat-forming Forb/Herb,0,0.004830917874396135
Radial,7,30,True,True,False,Prostrate or Mat-forming Forb/Herb,3,0.00966183574879227
Radial,7,30,True,True,False,Prostrate or Mat-forming Forb/Herb,6,0.00966183574879227
Radial,7,30,True,True,False,Small Tufted grass/sedge,0,0.0
Radial,7,30,True,True,False,Small Tufted grass/sedge,3,0.004830917874396135
Radial,7,30,True,True,False,Small Tufted grass/sedge,6,0.0
Radial,7,30,True,True,True,Medium Forb/Herb,0,0.018518518518518517
Radial,7,30,True,True,True,Medium Forb/Herb,3,0.07407407407407407
Radial,7,30,True,True,True,Medium Forb/Herb,6,0.05555555555555555
Radial,7,30,True,True,True,Medium Non-tufted grass/sedge,0,0.37037037037037035
Radial,7,30,True,True,True,Medium Non-tufted grass/sedge,3,0.037037037037037035
Radial,7,30,True,True,True,Medium Non-tufted grass/sedge,6,0.018518518518518517
Radial,7,30,True,True,True,Prostrate or Mat-forming Forb/Herb,0,0.018518518518518517
Radial,7,30,True,True,True,Prostrate or Mat-forming Forb/Herb,3,0.37037037037037035
Radial,7,30,True,True,True,Prostrate or Mat-forming Forb/Herb,6,0.018518518518518517
Radial,7,30,True,True,True,Small Tufted grass/sedge,0,0.0
Radial,7,30,True,True,True,Small Tufted grass/sedge,3,0.0
Radial,7,30,True,True,True,Small Tufted grass/sedge,6,0.018518518518518517
Radial,7,31,False,True,False,Large Forb/Herb,0,0.006172839506172839
Radial,7,31,False,True,False,Large Forb/Herb,3,0.006172839506172839
Radial,7,31,False,True,False,Large Forb/Herb,6,0.0
Radial,7,31,False,True,False,Large Tufted grass/sedge,0,0.24691358024691357
Radial,7,31,False,True,False,Large Tufted grass/sedge,3,0.37037037037037035
Radial,7,31,False,True,False,Large Tufted grass/sedge,6,0.0
Radial,7,31,False,True,False,Medium Forb/Herb,0,0.018518518518518517
Radial,7,31,False,True,False,Medium Forb/Herb,3,0.05555555555555555
Radial,7,31,False,True,False,Medium Forb/Herb,6,0.006172839506172839
Radial,7,31,False,True,False,Medium Tufted grass/sedge,0,0.006172839506172839
Radial,7,31,False,True,False,Medium Tufted grass/sedge,3,0.0
Radial,7,31,False,True,False,Medium Tufted grass/sedge,6,0.006172839506172839
Radial,7,31,False,True,False,Prostrate or Mat-forming Forb/Herb,0,0.006172839506172839
Radial,7,31,False,True,False,Prostrate or Mat-forming Forb/Herb,3,0.0
Radial,7,31,False,True,False,Prostrate or Mat-forming Forb/Herb,6,0.006172839506172839
Radial,7,31,False,True,False,Small Tufted grass/sedge,0,0.24691358024691357
Radial,7,31,False,True,False,Small Tufted grass/sedge,3,0.018518518518518517
Radial,7,31,False,True,False,Small Tufted grass/sedge,6,0.0
Radial,7,31,False,True,True,Large Forb/Herb,0,0.027777777777777776
Radial,7,31,False,True,True,Large Forb/Herb,3,0.0
Radial,7,31,False,True,True,Large Forb/Herb,6,0.0
Radial,7,31,False,True,True,Medium Forb/Herb,0,0.05555555555555555
Radial,7,31,False,True,True,Medium Forb/Herb,3,0.1111111111111111
Radial,7,31,False,True,True,Medium Forb/Herb,6,0.027777777777777776
Radial,7,31,False,True,True,Medium Non-tufted grass/sedge,0,0.0
Radial,7,31,False,True,True,Medium Non-tufted grass/sedge,3,0.05555555555555555
Radial,7,31,False,True,True,Medium Non-tufted grass/sedge,6,0.027777777777777776
Radial,7,31,False,True,True,Prostrate or Mat-forming Forb/Herb,0,0.05555555555555555
Radial,7,31,False,True,True,Prostrate or Mat-forming Forb/Herb,3,0.5555555555555556
Radial,7,31,False,True,True,Prostrate or Mat-forming Forb/Herb,6,0.027777777777777776
Radial,7,31,False,True,True,Small Tufted grass/sedge,0,0.0
Radial,7,31,False,True,True,Small Tufted grass/sedge,3,0.0
Radial,7,31,False,True,True,Small Tufted grass/sedge,6,0.05555555555555555
Radial,7,32,True,False,False,Large Forb/Herb,0,0.061224489795918366
Radial,7,32,True,False,False,Large Forb/Herb,3,0.02040816326530612
Radial,7,32,True,False,False,Large Forb/Herb,6,0.02040816326530612
Radial,7,32,True,False,False,Medium Forb/Herb,0,0.16326530612244897
Radial,7,32,True,False,False,Medium Forb/Herb,3,0.061224489795918366
Radial,7,32,True,False,False,Medium Forb/Herb,6,0.08163265306122448
Radial,7,32,True,False,False,Prostrate or Mat-forming Forb/Herb,0,0.0
Radial,7,32,True,False,False,Prostrate or Mat-forming Forb/Herb,3,0.02040816326530612
Radial,7,32,True,False,False,Prostrate or Mat-forming Forb/Herb,6,0.02040816326530612
Radial,7,32,True,False,False,Scrambler,0,0.0
Radial,7,32,True,False,False,Scrambler,3,0.02040816326530612
Radial,7,32,True,False,False,Scrambler,6,0.0
Radial,7,32,True,False,False,Small Non-tufted grass/sedge,0,0.02040816326530612
Radial,7,32,True,False,False,Small Non-tufted grass/sedge,3,0.0
Radial,7,32,True,False,False,Small Non-tufted grass/sedge,6,0.0
Radial,7,32,True,False,False,Small Tufted grass/sedge,0,0.42857142857142855
Radial,7,32,True,False,False,Small Tufted grass/sedge,3,0.08163265306122448
Radial,7,32,True,False,False,Small Tufted grass/sedge,6,0.0
Radial,7,32,True,False,True,Medium Forb/Herb,0,0.012195121951219513
Radial,7,32,True,False,True,Medium Forb/Herb,3,0.024390243902439025
Radial,7,32,True,False,True,Medium Forb/Herb,6,0.012195121951219513
Radial,7,32,True,False,True,Medium Non-tufted grass/sedge,0,0.24390243902439024
Radial,7,32,True,False,True,Medium Non-tufted grass/sedge,3,0.24390243902439024
Radial,7,32,True,False,True,Medium Non-tufted grass/sedge,6,0.0
Radial,7,32,True,False,True,Prostrate or Mat-forming Forb/Herb,0,0.36585365853658536
Radial,7,32,True,False,True,Prostrate or Mat-forming Forb/Herb,3,0.06097560975609756
Radial,7,32,True,False,True,Prostrate or Mat-forming Forb/Herb,6,0.006097560975609756
Radial,7,32,True,False,True,Small Tufted grass/sedge,0,0.0
Radial,7,32,True,False,True,Small Tufted grass/sedge,3,0.012195121951219513
Radial,7,32,True,False,True,Small Tufted grass/sedge,6,0.018292682926829267
Radial,9,1,False,False,False,Large Forb/Herb,0,0.07246376811594203
Radial,9,1,False,False,False,Large Forb/Herb,3,0.043478260869565216
Radial,9,1,False,False,False,Large Forb/Herb,6,0.028985507246376812
Radial,9,1,False,False,False,Large Tufted grass/sedge,0,0.014492753623188406
Radial,9,1,False,False,False,Large Tufted grass/sedge,3,0.0
Radial,9,1,False,False,False,Large Tufted grass/sedge,6,0.0
Radial,9,1,False,False,False,Medium Forb/Herb,0,0.14492753623188406
Radial,9,1,False,False,False,Medium Forb/Herb,3,0.07246376811594203
Radial,9,1,False,False,False,Medium Forb/Herb,6,0.14492753623188406
Radial,9,1,False,False,False,Medium Non-tufted grass/sedge,0,0.0
Radial,9,1,False,False,False,Medium Non-tufted grass/sedge,3,0.0
Radial,9,1,False,False,False,Medium Non-tufted grass/sedge,6,0.014492753623188406
Radial,9,1,False,False,False,Prostrate or Mat-forming Forb/Herb,0,0.028985507246376812
Radial,9,1,False,False,False,Prostrate or Mat-forming Forb/Herb,3,0.014492753623188406
Radial,9,1,False,False,False,Prostrate or Mat-forming Forb/Herb,6,0.014492753623188406
Radial,9,1,False,False,False,Small Tufted grass/sedge,0,0.3188405797101449
Radial,9,1,False,False,False,Small Tufted grass/sedge,3,0.07246376811594203
Radial,9,1,False,False,False,Small Tufted grass/sedge,6,0.014492753623188406
Radial,9,1,False,False,True,Large Tufted grass/sedge,0,0.0
Radial,9,1,False,False,True,Large Tufted grass/sedge,3,0.024390243902439025
Radial,9,1,False,False,True,Large Tufted grass/sedge,6,0.0
Radial,9,1,False,False,True,Medium Forb/Herb,0,0.0975609756097561
Radial,9,1,False,False,True,Medium Forb/Herb,3,0.024390243902439025
Radial,9,1,False,False,True,Medium Forb/Herb,6,0.0
Radial,9,1,False,False,True,Medium Non-tufted grass/sedge,0,0.4878048780487805
Radial,9,1,False,False,True,Medium Non-tufted grass/sedge,3,0.024390243902439025
Radial,9,1,False,False,True,Medium Non-tufted grass/sedge,6,0.0
Radial,9,1,False,False,True,Prostrate or Mat-forming Forb/Herb,0,0.04878048780487805
Radial,9,1,False,False,True,Prostrate or Mat-forming Forb/Herb,3,0.24390243902439024
Radial,9,1,False,False,True,Prostrate or Mat-forming Forb/Herb,6,0.0
Radial,9,1,False,False,True,Shrub,0,0.024390243902439025
Radial,9,1,False,False,True,Shrub,3,0.0
Radial,9,1,False,False,True,Shrub,6,0.0
Radial,9,1,False,False,True,Small Tufted grass/sedge,0,0.0
Radial,9,1,False,False,True,Small Tufted grass/sedge,3,0.0
Radial,9,1,False,False,True,Small Tufted grass/sedge,6,0.024390243902439025
Radial,9,2,True,True,False,Large Forb/Herb,0,0.03333333333333333
Radial,9,2,True,True,False,Large Forb/Herb,3,0.25
Radial,9,2,True,True,False,Large Forb/Herb,6,0.016666666666666666
Radial,9,2,True,True,False,Large Tufted grass/sedge,0,0.016666666666666666
Radial,9,2,True,True,False,Large Tufted grass/sedge,3,0.0
Radial,9,2,True,True,False,Large Tufted grass/sedge,6,0.0
Radial,9,2,True,True,False,Medium Forb/Herb,0,0.05
Radial,9,2,True,True,False,Medium Forb/Herb,3,0.18333333333333332
Radial,9,2,True,True,False,Medium Forb/Herb,6,0.016666666666666666
Radial,9,2,True,True,False,Medium Tufted grass/sedge,0,0.0
Radial,9,2,True,True,False,Medium Tufted grass/sedge,3,0.016666666666666666
Radial,9,2,True,True,False,Medium Tufted grass/sedge,6,0.0
Radial,9,2,True,True,False,Prostrate or Mat-forming Forb/Herb,0,0.016666666666666666
Radial,9,2,True,True,False,Prostrate or Mat-forming Forb/Herb,3,0.016666666666666666
Radial,9,2,True,True,False,Prostrate or Mat-forming Forb/Herb,6,0.016666666666666666
Radial,9,2,True,True,False,Small Forb/Herb,0,0.016666666666666666
Radial,9,2,True,True,False,Small Forb/Herb,3,0.0
Radial,9,2,True,True,False,Small Forb/Herb,6,0.0
Radial,9,2,True,True,False,Small Tufted grass/sedge,0,0.16666666666666666
Radial,9,2,True,True,False,Small Tufted grass/sedge,3,0.18333333333333332
Radial,9,2,True,True,False,Small Tufted grass/sedge,6,0.0
Radial,9,2,True,True,True,Medium Forb/Herb,0,0.08333333333333333
Radial,9,2,True,True,True,Medium Forb/Herb,3,0.16666666666666666
Radial,9,2,True,True,True,Medium Forb/Herb,6,0.041666666666666664
Radial,9,2,True,True,True,Medium Non-tufted grass/sedge,0,0.08333333333333333
Radial,9,2,True,True,True,Medium Non-tufted grass/sedge,3,0.4166666666666667
Radial,9,2,True,True,True,Medium Non-tufted grass/sedge,6,0.08333333333333333
Radial,9,2,True,True,True,Prostrate or Mat-forming Forb/Herb,0,0.041666666666666664
Radial,9,2,True,True,True,Prostrate or Mat-forming Forb/Herb,3,0.041666666666666664
Radial,9,2,True,True,True,Prostrate or Mat-forming Forb/Herb,6,0.0
Radial,9,2,True,True,True,Small Tufted grass/sedge,0,0.0
Radial,9,2,True,True,True,Small Tufted grass/sedge,3,0.0
Radial,9,2,True,True,True,Small Tufted grass/sedge,6,0.041666666666666664
Radial,9,3,False,True,False,Large Forb/Herb,0,0.0392156862745098
Radial,9,3,False,True,False,Large Forb/Herb,3,0.0392156862745098
Radial,9,3,False,True,False,Large Forb/Herb,6,0.058823529411764705
Radial,9,3,False,True,False,Large Tufted grass/sedge,0,0.0392156862745098
Radial,9,3,False,True,False,Large Tufted grass/sedge,3,0.0392156862745098
Radial,9,3,False,True,False,Large Tufted grass/sedge,6,0.0196078431372549
Radial,9,3,False,True,False,Medium Forb/Herb,0,0.1568627450980392
Radial,9,3,False,True,False,Medium Forb/Herb,3,0.27450980392156865
Radial,9,3,False,True,False,Medium Forb/Herb,6,0.058823529411764705
Radial,9,3,False,True,False,Prostrate or Mat-forming Forb/Herb,0,0.0196078431372549
Radial,9,3,False,True,False,Prostrate or Mat-forming Forb/Herb,3,0.0392156862745098
Radial,9,3,False,True,False,Prostrate or Mat-forming Forb/Herb,6,0.0196078431372549
Radial,9,3,False,True,False,Small Non-tufted grass/sedge,0,0.0392156862745098
Radial,9,3,False,True,False,Small Non-tufted grass/sedge,3,0.0196078431372549
Radial,9,3,False,True,False,Small Non-tufted grass/sedge,6,0.0
Radial,9,3,False,True,False,Small Tufted grass/sedge,0,0.0392156862745098
Radial,9,3,False,True,False,Small Tufted grass/sedge,3,0.058823529411764705
Radial,9,3,False,True,False,Small Tufted grass/sedge,6,0.0392156862745098
Radial,9,3,False,True,True,Large Forb/Herb,0,0.0
Radial,9,3,False,True,True,Large Forb/Herb,3,0.0
Radial,9,3,False,True,True,Large Forb/Herb,6,0.27586206896551724
Radial,9,3,False,True,True,Medium Forb/Herb,0,0.013793103448275862
Radial,9,3,False,True,True,Medium Forb/Herb,3,0.020689655172413793
Radial,9,3,False,True,True,Medium Forb/Herb,6,0.006896551724137931
Radial,9,3,False,True,True,Medium Non-tufted grass/sedge,0,0.06896551724137931
Radial,9,3,False,True,True,Medium Non-tufted grass/sedge,3,0.5517241379310345
Radial,9,3,False,True,True,Medium Non-tufted grass/sedge,6,0.013793103448275862
Radial,9,3,False,True,True,Prostrate or Mat-forming Forb/Herb,0,0.0
Radial,9,3,False,True,True,Prostrate or Mat-forming Forb/Herb,3,0.0
Radial,9,3,False,True,True,Prostrate or Mat-forming Forb/Herb,6,0.006896551724137931
Radial,9,3,False,True,True,Tufted Ground Fern,0,0.013793103448275862
Radial,9,3,False,True,True,Tufted Ground Fern,3,0.013793103448275862
Radial,9,3,False,True,True,Tufted Ground Fern,6,0.013793103448275862
Radial,9,4,True,True,False,Large Forb/Herb,0,0.011428571428571429
Radial,9,4,True,True,False,Large Forb/Herb,3,0.022857142857142857
Radial,9,4,True,True,False,Large Forb/Herb,6,0.03428571428571429
Radial,9,4,True,True,False,Large Tufted grass/sedge,0,0.05714285714285714
Radial,9,4,True,True,False,Large Tufted grass/sedge,3,0.05714285714285714
Radial,9,4,True,True,False,Large Tufted grass/sedge,6,0.0
Radial,9,4,True,True,False,Medium Forb/Herb,0,0.03428571428571429
Radial,9,4,True,True,False,Medium Forb/Herb,3,0.05142857142857143
Radial,9,4,True,True,False,Medium Forb/Herb,6,0.011428571428571429
Radial,9,4,True,True,False,Medium Tufted grass/sedge,0,0.0
Radial,9,4,True,True,False,Medium Tufted grass/sedge,3,0.0
Radial,9,4,True,True,False,Medium Tufted grass/sedge,6,0.6857142857142857
Radial,9,4,True,True,False,Prostrate or Mat-forming Forb/Herb,0,0.005714285714285714
Radial,9,4,True,True,False,Prostrate or Mat-forming Forb/Herb,3,0.005714285714285714
Radial,9,4,True,True,False,Prostrate or Mat-forming Forb/Herb,6,0.005714285714285714
Radial,9,4,True,True,False,Small Tufted grass/sedge,0,0.005714285714285714
Radial,9,4,True,True,False,Small Tufted grass/sedge,3,0.011428571428571429
Radial,9,4,True,True,False,Small Tufted grass/sedge,6,0.0
Radial,9,4,True,True,True,Large Forb/Herb,0,0.02631578947368421
Radial,9,4,True,True,True,Large Forb/Herb,3,0.2631578947368421
Radial,9,4,True,True,True,Large Forb/Herb,6,0.5263157894736842
Radial,9,4,True,True,True,Medium Forb/Herb,0,0.02631578947368421
Radial,9,4,True,True,True,Medium Forb/Herb,3,0.0
Radial,9,4,True,True,True,Medium Forb/Herb,6,0.02631578947368421
Radial,9,4,True,True,True,Medium Non-tufted grass/sedge,0,0.05263157894736842
Radial,9,4,True,True,True,Medium Non-tufted grass/sedge,3,0.05263157894736842
Radial,9,4,True,True,True,Medium Non-tufted grass/sedge,6,0.0
Radial,9,4,True,True,True,Prostrate or Mat-forming Forb/Herb,0,0.02631578947368421
Radial,9,4,True,True,True,Prostrate or Mat-forming Forb/Herb,3,0.0
Radial,9,4,True,True,True,Prostrate or Mat-forming Forb/Herb,6,0.0
Radial,9,5,False,False,False,Large Forb/Herb,0,0.07142857142857142
Radial,9,5,False,False,False,Large Forb/Herb,3,0.21428571428571427
Radial,9,5,False,False,False,Large Forb/Herb,6,0.03571428571428571
Radial,9,5,False,False,False,Medium Forb/Herb,0,0.07142857142857142
Radial,9,5,False,False,False,Medium Forb/Herb,3,0.25
Radial,9,5,False,False,False,Medium Forb/Herb,6,0.03571428571428571
Radial,9,5,False,False,False,Prostrate or Mat-forming Forb/Herb,0,0.07142857142857142
Radial,9,5,False,False,False,Prostrate or Mat-forming Forb/Herb,3,0.03571428571428571
Radial,9,5,False,False,False,Prostrate or Mat-forming Forb/Herb,6,0.07142857142857142
Radial,9,5,False,False,False,Small Tufted grass/sedge,0,0.07142857142857142
Radial,9,5,False,False,False,Small Tufted grass/sedge,3,0.07142857142857142
Radial,9,5,False,False,False,Small Tufted grass/sedge,6,0.0
Radial,9,5,False,False,True,Large Forb/Herb,0,0.14492753623188406
Radial,9,5,False,False,True,Large Forb/Herb,3,0.2898550724637681
Radial,9,5,False,False,True,Large Forb/Herb,6,0.0
Radial,9,5,False,False,True,Medium Forb/Herb,0,0.028985507246376812
Radial,9,5,False,False,True,Medium Forb/Herb,3,0.014492753623188406
Radial,9,5,False,False,True,Medium Forb/Herb,6,0.014492753623188406
Radial,9,5,False,False,True,Medium Non-tufted grass/sedge,0,0.14492753623188406
Radial,9,5,False,False,True,Medium Non-tufted grass/sedge,3,0.14492753623188406
Radial,9,5,False,False,True,Medium Non-tufted grass/sedge,6,0.028985507246376812
Radial,9,5,False,False,True,Prostrate or Mat-forming Forb/Herb,0,0.14492753623188406
Radial,9,5,False,False,True,Prostrate or Mat-forming Forb/Herb,3,0.028985507246376812
Radial,9,5,False,False,True,Prostrate or Mat-forming Forb/Herb,6,0.0
Radial,9,5,False,False,True,Small Tufted grass/sedge,0,0.0
Radial,9,5,False,False,True,Small Tufted grass/sedge,3,0.0
Radial,9,5,False,False,True,Small Tufted grass/sedge,6,0.014492753623188406
Radial,9,6,True,True,False,Large Forb/Herb,0,0.08928571428571429
Radial,9,6,True,True,False,Large Forb/Herb,3,0.07142857142857142
Radial,9,6,True,True,False,Large Forb/Herb,6,0.017857142857142856
Radial,9,6,True,True,False,Medium Forb/Herb,0,0.19642857142857142
Radial,9,6,True,True,False,Medium Forb/Herb,3,0.125
Radial,9,6,True,True,False,Medium Forb/Herb,6,0.4107142857142857
Radial,9,6,True,True,False,Medium Tufted grass/sedge,0,0.0
Radial,9,6,True,True,False,Medium Tufted grass/sedge,3,0.0
Radial,9,6,True,True,False,Medium Tufted grass/sedge,6,0.03571428571428571
Radial,9,6,True,True,False,Small Tufted grass/sedge,0,0.03571428571428571
Radial,9,6,True,True,False,Small Tufted grass/sedge,3,0.017857142857142856
Radial,9,6,True,True,False,Small Tufted grass/sedge,6,0.0
Radial,9,6,True,True,True,Large Forb/Herb,0,0.0
Radial,9,6,True,True,True,Large Forb/Herb,3,0.006493506493506494
Radial,9,6,True,True,True,Large Forb/Herb,6,0.012987012987012988
Radial,9,6,True,True,True,Medium Forb/Herb,0,0.006493506493506494
Radial,9,6,True,True,True,Medium Forb/Herb,3,0.012987012987012988
Radial,9,6,True,True,True,Medium Forb/Herb,6,0.006493506493506494
Radial,9,6,True,True,True,Medium Non-tufted grass/sedge,0,0.6493506493506493
Radial,9,6,True,True,True,Medium Non-tufted grass/sedge,3,0.2597402597402597
Radial,9,6,True,True,True,Medium Non-tufted grass/sedge,6,0.012987012987012988
Radial,9,6,True,True,True,Prostrate or Mat-forming Forb/Herb,0,0.006493506493506494
Radial,9,6,True,True,True,Prostrate or Mat-forming Forb/Herb,3,0.012987012987012988
Radial,9,6,True,True,True,Prostrate or Mat-forming Forb/Herb,6,0.0
Radial,9,6,True,True,True,Small Tufted grass/sedge,0,0.0
Radial,9,6,True,True,True,Small Tufted grass/sedge,3,0.0
Radial,9,6,True,True,True,Small Tufted grass/sedge,6,0.012987012987012988
Radial,9,7,False,True,False,Large Forb/Herb,0,0.14285714285714285
Radial,9,7,False,True,False,Large Forb/Herb,3,0.17857142857142858
Radial,9,7,False,True,False,Large Forb/Herb,6,0.07142857142857142
Radial,9,7,False,True,False,Large Tufted grass/sedge,0,0.07142857142857142
Radial,9,7,False,True,False,Large Tufted grass/sedge,3,0.07142857142857142
Radial,9,7,False,True,False,Large Tufted grass/sedge,6,0.0
Radial,9,7,False,True,False,Medium Forb/Herb,0,0.07142857142857142
Radial,9,7,False,True,False,Medium Forb/Herb,3,0.17857142857142858
Radial,9,7,False,True,False,Medium Forb/Herb,6,0.0
Radial,9,7,False,True,False,Medium Tufted grass/sedge,0,0.0
Radial,9,7,False,True,False,Medium Tufted grass/sedge,3,0.0
Radial,9,7,False,True,False,Medium Tufted grass/sedge,6,0.07142857142857142
Radial,9,7,False,True,False,Prostrate or Mat-forming Forb/Herb,0,0.0
Radial,9,7,False,True,False,Prostrate or Mat-forming Forb/Herb,3,0.0
Radial,9,7,False,True,False,Prostrate or Mat-forming Forb/Herb,6,0.03571428571428571
Radial,9,7,False,True,False,Small Tufted grass/sedge,0,0.03571428571428571
Radial,9,7,False,True,False,Small Tufted grass/sedge,3,0.07142857142857142
Radial,9,7,False,True,False,Small Tufted grass/sedge,6,0.0
Radial,9,7,False,True,True,Medium Forb/Herb,0,0.047619047619047616
Radial,9,7,False,True,True,Medium Forb/Herb,3,0.047619047619047616
Radial,9,7,False,True,True,Medium Forb/Herb,6,0.09523809523809523
Radial,9,7,False,True,True,Medium Non-tufted grass/sedge,0,0.047619047619047616
Radial,9,7,False,True,True,Medium Non-tufted grass/sedge,3,0.09523809523809523
Radial,9,7,False,True,True,Medium Non-tufted grass/sedge,6,0.047619047619047616
Radial,9,7,False,True,True,Prostrate or Mat-forming Forb/Herb,0,0.09523809523809523
Radial,9,7,False,True,True,Prostrate or Mat-forming Forb/Herb,3,0.47619047619047616
Radial,9,7,False,True,True,Prostrate or Mat-forming Forb/Herb,6,0.0
Radial,9,7,False,True,True,Small Tufted grass/sedge,0,0.0
Radial,9,7,False,True,True,Small Tufted grass/sedge,3,0.0
Radial,9,7,False,True,True,Small Tufted grass/sedge,6,0.047619047619047616
Radial,9,8,True,True,False,Large Forb/Herb,0,0.0728476821192053
Radial,9,8,True,True,False,Large Forb/Herb,3,0.033112582781456956
Radial,9,8,True,True,False,Large Forb/Herb,6,0.0
Radial,9,8,True,True,False,Large Tufted grass/sedge,0,0.06622516556291391
Radial,9,8,True,True,False,Large Tufted grass/sedge,3,0.26490066225165565
Radial,9,8,True,True,False,Large Tufted grass/sedge,6,0.0
Radial,9,8,True,True,False,Medium Forb/Herb,0,0.039735099337748346
Radial,9,8,True,True,False,Medium Forb/Herb,3,0.019867549668874173
Radial,9,8,True,True,False,Medium Forb/Herb,6,0.006622516556291391
Radial,9,8,True,True,False,Medium Non-tufted grass/sedge,0,0.0
Radial,9,8,True,True,False,Medium Non-tufted grass/sedge,3,0.0
Radial,9,8,True,True,False,Medium Non-tufted grass/sedge,6,0.13245033112582782
Radial,9,8,True,True,False,Medium Tufted grass/sedge,0,0.0
Radial,9,8,True,True,False,Medium Tufted grass/sedge,3,0.0
Radial,9,8,True,True,False,Medium Tufted grass/sedge,6,0.26490066225165565
Radial,9,8,True,True,False,Prostrate or Mat-forming Forb/Herb,0,0.0
Radial,9,8,True,True,False,Prostrate or Mat-forming Forb/Herb,3,0.006622516556291391
Radial,9,8,True,True,False,Prostrate or Mat-forming Forb/Herb,6,0.0
Radial,9,8,True,True,False,Small Tufted grass/sedge,0,0.013245033112582781
Radial,9,8,True,True,False,Small Tufted grass/sedge,3,0.06622516556291391
Radial,9,8,True,True,False,Small Tufted grass/sedge,6,0.013245033112582781
Radial,9,8,True,True,True,Large Forb/Herb,0,0.041666666666666664
Radial,9,8,True,True,True,Large Forb/Herb,3,0.0
Radial,9,8,True,True,True,Large Forb/Herb,6,0.4166666666666667
Radial,9,8,True,True,True,Medium Forb/Herb,0,0.020833333333333332
Radial,9,8,True,True,True,Medium Forb/Herb,3,0.020833333333333332
Radial,9,8,True,True,True,Medium Forb/Herb,6,0.020833333333333332
Radial,9,8,True,True,True,Medium Non-tufted grass/sedge,0,0.4166666666666667
Radial,9,8,True,True,True,Medium Non-tufted grass/sedge,3,0.020833333333333332
Radial,9,8,True,True,True,Medium Non-tufted grass/sedge,6,0.0
Radial,9,8,True,True,True,Prostrate or Mat-forming Forb/Herb,0,0.020833333333333332
Radial,9,8,True,True,True,Prostrate or Mat-forming Forb/Herb,3,0.0
Radial,9,8,True,True,True,Prostrate or Mat-forming Forb/Herb,6,0.0
Radial,9,8,True,True,True,Small Tufted grass/sedge,0,0.0
Radial,9,8,True,True,True,Small Tufted grass/sedge,3,0.020833333333333332
Radial,9,8,True,True,True,Small Tufted grass/sedge,6,0.0
Radial,9,9,False,True,False,Large Forb/Herb,0,0.0784313725490196
Radial,9,9,False,True,False,Large Forb/Herb,3,0.058823529411764705
Radial,9,9,False,True,False,Large Forb/Herb,6,0.0196078431372549
Radial,9,9,False,True,False,Medium Forb/Herb,0,0.1568627450980392
Radial,9,9,False,True,False,Medium Forb/Herb,3,0.29411764705882354
Radial,9,9,False,True,False,Medium Forb/Herb,6,0.0392156862745098
Radial,9,9,False,True,False,Prostrate or Mat-forming Forb/Herb,0,0.058823529411764705
Radial,9,9,False,True,False,Prostrate or Mat-forming Forb/Herb,3,0.0392156862745098
Radial,9,9,False,True,False,Prostrate or Mat-forming Forb/Herb,6,0.0196078431372549
Radial,9,9,False,True,False,Small Tufted grass/sedge,0,0.0196078431372549
Radial,9,9,False,True,False,Small Tufted grass/sedge,3,0.21568627450980393
Radial,9,9,False,True,False,Small Tufted grass/sedge,6,0.0
Radial,9,9,False,True,True,Medium Forb/Herb,0,0.006802721088435374
Radial,9,9,False,True,True,Medium Forb/Herb,3,0.013605442176870748
Radial,9,9,False,True,True,Medium Forb/Herb,6,0.006802721088435374
Radial,9,9,False,True,True,Medium Non-tufted grass/sedge,0,0.1360544217687075
Radial,9,9,False,True,True,Medium Non-tufted grass/sedge,3,0.272108843537415
Radial,9,9,False,True,True,Medium Non-tufted grass/sedge,6,0.1360544217687075
Radial,9,9,False,True,True,Prostrate or Mat-forming Forb/Herb,0,0.40816326530612246
Radial,9,9,False,True,True,Prostrate or Mat-forming Forb/Herb,3,0.013605442176870748
Radial,9,9,False,True,True,Prostrate or Mat-forming Forb/Herb,6,0.0
Radial,9,9,False,True,True,Small Tufted grass/sedge,0,0.0
Radial,9,9,False,True,True,Small Tufted grass/sedge,3,0.0
Radial,9,9,False,True,True,Small Tufted grass/sedge,6,0.006802721088435374
Radial,9,10,True,False,False,Large Forb/Herb,0,0.09090909090909091
Radial,9,10,True,False,False,Large Forb/Herb,3,0.06818181818181818
Radial,9,10,True,False,False,Large Forb/Herb,6,0.045454545454545456
Radial,9,10,True,False,False,Medium Forb/Herb,0,0.20454545454545456
Radial,9,10,True,False,False,Medium Forb/Herb,3,0.4090909090909091
Radial,9,10,True,False,False,Medium Forb/Herb,6,0.045454545454545456
Radial,9,10,True,False,False,Medium Non-tufted grass/sedge,0,0.0
Radial,9,10,True,False,False,Medium Non-tufted grass/sedge,3,0.0
Radial,9,10,True,False,False,Medium Non-tufted grass/sedge,6,0.022727272727272728
Radial,9,10,True,False,False,Prostrate or Mat-forming Forb/Herb,0,0.0
Radial,9,10,True,False,False,Prostrate or Mat-forming Forb/Herb,3,0.0
Radial,9,10,True,False,False,Prostrate or Mat-forming Forb/Herb,6,0.022727272727272728
Radial,9,10,True,False,False,Small Tufted grass/sedge,0,0.045454545454545456
Radial,9,10,True,False,False,Small Tufted grass/sedge,3,0.045454545454545456
Radial,9,10,True,False,False,Small Tufted grass/sedge,6,0.0
Radial,9,10,True,False,True,Climber,0,0.005917159763313609
Radial,9,10,True,False,True,Climber,3,0.0
Radial,9,10,True,False,True,Climber,6,0.0
Radial,9,10,True,False,True,Medium Forb/Herb,0,0.005917159763313609
Radial,9,10,True,False,True,Medium Forb/Herb,3,0.01775147928994083
Radial,9,10,True,False,True,Medium Forb/Herb,6,0.005917159763313609
Radial,9,10,True,False,True,Medium Non-tufted grass/sedge,0,0.47337278106508873
Radial,9,10,True,False,True,Medium Non-tufted grass/sedge,3,0.011834319526627219
Radial,9,10,True,False,True,Medium Non-tufted grass/sedge,6,0.005917159763313609
Radial,9,10,True,False,True,Prostrate or Mat-forming Forb/Herb,0,0.05917159763313609
Radial,9,10,True,False,True,Prostrate or Mat-forming Forb/Herb,3,0.35502958579881655
Radial,9,10,True,False,True,Prostrate or Mat-forming Forb/Herb,6,0.0
Radial,9,10,True,False,True,Small Tufted grass/sedge,0,0.0
Radial,9,10,True,False,True,Small Tufted grass/sedge,3,0.0
Radial,9,10,True,False,True,Small Tufted grass/sedge,6,0.05917159763313609
Radial,9,11,False,True,False,Large Forb/Herb,0,0.17391304347826086
Radial,9,11,False,True,False,Large Forb/Herb,3,0.08695652173913043
Radial,9,11,False,True,False,Large Forb/Herb,6,0.0
Radial,9,11,False,True,False,Medium Forb/Herb,0,0.08695652173913043
Radial,9,11,False,True,False,Medium Forb/Herb,3,0.2608695652173913
Radial,9,11,False,True,False,Medium Forb/Herb,6,0.08695652173913043
Radial,9,11,False,True,False,Prostrate or Mat-forming Forb/Herb,0,0.0
Radial,9,11,False,True,False,Prostrate or Mat-forming Forb/Herb,3,0.08695652173913043
Radial,9,11,False,True,False,Prostrate or Mat-forming Forb/Herb,6,0.043478260869565216
Radial,9,11,False,True,False,Small Non-tufted grass/sedge,0,0.0
Radial,9,11,False,True,False,Small Non-tufted grass/sedge,3,0.043478260869565216
Radial,9,11,False,True,False,Small Non-tufted grass/sedge,6,0.0
Radial,9,11,False,True,False,Small Tufted grass/sedge,0,0.043478260869565216
Radial,9,11,False,True,False,Small Tufted grass/sedge,3,0.08695652173913043
Radial,9,11,False,True,False,Small Tufted grass/sedge,6,0.0
Radial,9,11,False,True,True,Medium Forb/Herb,0,0.0
Radial,9,11,False,True,True,Medium Forb/Herb,3,0.037037037037037035
Radial,9,11,False,True,True,Medium Forb/Herb,6,0.037037037037037035
Radial,9,11,False,True,True,Medium Non-tufted grass/sedge,0,0.037037037037037035
Radial,9,11,False,True,True,Medium Non-tufted grass/sedge,3,0.7407407407407407
Radial,9,11,False,True,True,Medium Non-tufted grass/sedge,6,0.07407407407407407
Radial,9,11,False,True,True,Small Tufted grass/sedge,0,0.0
Radial,9,11,False,True,True,Small Tufted grass/sedge,3,0.037037037037037035
Radial,9,11,False,True,True,Small Tufted grass/sedge,6,0.037037037037037035
Radial,9,12,True,True,False,Large Forb/Herb,0,0.03278688524590164
Radial,9,12,True,True,False,Large Forb/Herb,3,0.0
Radial,9,12,True,True,False,Large Forb/Herb,6,0.03278688524590164
Radial,9,12,True,True,False,Medium Forb/Herb,0,0.01639344262295082
Radial,9,12,True,True,False,Medium Forb/Herb,3,0.08196721311475409
Radial,9,12,True,True,False,Medium Forb/Herb,6,0.08196721311475409
Radial,9,12,True,True,False,Prostrate or Mat-forming Forb/Herb,0,0.03278688524590164
Radial,9,12,True,True,False,Prostrate or Mat-forming Forb/Herb,3,0.01639344262295082
Radial,9,12,True,True,False,Prostrate or Mat-forming Forb/Herb,6,0.01639344262295082
Radial,9,12,True,True,False,Small Tufted grass/sedge,0,0.6557377049180327
Radial,9,12,True,True,False,Small Tufted grass/sedge,3,0.03278688524590164
Radial,9,12,True,True,False,Small Tufted grass/sedge,6,0.0
Radial,9,12,True,True,True,Climber,0,0.009345794392523364
Radial,9,12,True,True,True,Climber,3,0.009345794392523364
Radial,9,12,True,True,True,Climber,6,0.0
Radial,9,12,True,True,True,Large Forb/Herb,0,0.18691588785046728
Radial,9,12,True,True,True,Large Forb/Herb,3,0.18691588785046728
Radial,9,12,True,True,True,Large Forb/Herb,6,0.37383177570093457
Radial,9,12,True,True,True,Medium Forb/Herb,0,0.018691588785046728
Radial,9,12,True,True,True,Medium Forb/Herb,3,0.009345794392523364
Radial,9,12,True,True,True,Medium Forb/Herb,6,0.028037383177570093
Radial,9,12,True,True,True,Medium Non-tufted grass/sedge,0,0.018691588785046728
Radial,9,12,True,True,True,Medium Non-tufted grass/sedge,3,0.018691588785046728
Radial,9,12,True,True,True,Medium Non-tufted grass/sedge,6,0.009345794392523364
Radial,9,12,True,True,True,Prostrate or Mat-forming Forb/Herb,0,0.009345794392523364
Radial,9,12,True,True,True,Prostrate or Mat-forming Forb/Herb,3,0.09345794392523364
Radial,9,12,True,True,True,Prostrate or Mat-forming Forb/Herb,6,0.009345794392523364
Radial,9,12,True,True,True,Small Tufted grass/sedge,0,0.0
Radial,9,12,True,True,True,Small Tufted grass/sedge,3,0.0
Radial,9,12,True,True,True,Small Tufted grass/sedge,6,0.018691588785046728
Radial,9,13,False,True,False,Large Forb/Herb,0,0.17647058823529413
Radial,9,13,False,True,False,Large Forb/Herb,3,0.058823529411764705
Radial,9,13,False,True,False,Large Forb/Herb,6,0.058823529411764705
Radial,9,13,False,True,False,Medium Forb/Herb,0,0.23529411764705882
Radial,9,13,False,True,False,Medium Forb/Herb,3,0.17647058823529413
Radial,9,13,False,True,False,Medium Forb/Herb,6,0.058823529411764705
Radial,9,13,False,True,False,Prostrate or Mat-forming Forb/Herb,0,0.058823529411764705
Radial,9,13,False,True,False,Prostrate or Mat-forming Forb/Herb,3,0.0
Radial,9,13,False,True,False,Prostrate or Mat-forming Forb/Herb,6,0.058823529411764705
Radial,9,13,False,True,False,Small Tufted grass/sedge,0,0.0
Radial,9,13,False,True,False,Small Tufted grass/sedge,3,0.11764705882352941
Radial,9,13,False,True,False,Small Tufted grass/sedge,6,0.0
Radial,9,13,False,True,True,Medium Non-tufted grass/sedge,0,0.3333333333333333
Radial,9,13,False,True,True,Medium Non-tufted grass/sedge,3,0.0
Radial,9,13,False,True,True,Medium Non-tufted grass/sedge,6,0.0
Radial,9,13,False,True,True,Prostrate or Mat-forming Forb/Herb,0,0.0
Radial,9,13,False,True,True,Prostrate or Mat-forming Forb/Herb,3,0.3333333333333333
Radial,9,13,False,True,True,Prostrate or Mat-forming Forb/Herb,6,0.0
Radial,9,13,False,True,True,Small Tufted grass/sedge,0,0.0
Radial,9,13,False,True,True,Small Tufted grass/sedge,3,0.0
Radial,9,13,False,True,True,Small Tufted grass/sedge,6,0.3333333333333333
Radial,9,14,True,False,False,Large Forb/Herb,0,0.025
Radial,9,14,True,False,False,Large Forb/Herb,3,0.0375
Radial,9,14,True,False,False,Large Forb/Herb,6,0.0375
Radial,9,14,True,False,False,Large Tufted grass/sedge,0,0.25
Radial,9,14,True,False,False,Large Tufted grass/sedge,3,0.025
Radial,9,14,True,False,False,Large Tufted grass/sedge,6,0.0
Radial,9,14,True,False,False,Medium Forb/Herb,0,0.0625
Radial,9,14,True,False,False,Medium Forb/Herb,3,0.075
Radial,9,14,True,False,False,Medium Forb/Herb,6,0.0625
Radial,9,14,True,False,False,Medium Tufted grass/sedge,0,0.0
Radial,9,14,True,False,False,Medium Tufted grass/sedge,3,0.0375
Radial,9,14,True,False,False,Medium Tufted grass/sedge,6,0.075
Radial,9,14,True,False,False,Prostrate or Mat-forming Forb/Herb,0,0.0125
Radial,9,14,True,False,False,Prostrate or Mat-forming Forb/Herb,3,0.0125
Radial,9,14,True,False,False,Prostrate or Mat-forming Forb/Herb,6,0.0125
Radial,9,14,True,False,False,Small Tufted grass/sedge,0,0.25
Radial,9,14,True,False,False,Small Tufted grass/sedge,3,0.0125
Radial,9,14,True,False,False,Small Tufted grass/sedge,6,0.0125
Radial,9,14,True,False,True,Medium Forb/Herb,0,0.0
Radial,9,14,True,False,True,Medium Forb/Herb,3,0.03333333333333333
Radial,9,14,True,False,True,Medium Forb/Herb,6,0.03333333333333333
Radial,9,14,True,False,True,Medium Non-tufted grass/sedge,0,0.3333333333333333
Radial,9,14,True,False,True,Medium Non-tufted grass/sedge,3,0.03333333333333333
Radial,9,14,True,False,True,Medium Non-tufted grass/sedge,6,0.03333333333333333
Radial,9,14,True,False,True,Prostrate or Mat-forming Forb/Herb,0,0.16666666666666666
Radial,9,14,True,False,True,Prostrate or Mat-forming Forb/Herb,3,0.3333333333333333
Radial,9,14,True,False,True,Prostrate or Mat-forming Forb/Herb,6,0.016666666666666666
Radial,9,14,True,False,True,Small Tufted grass/sedge,0,0.0
Radial,9,14,True,False,True,Small Tufted grass/sedge,3,0.0
Radial,9,14,True,False,True,Small Tufted grass/sedge,6,0.016666666666666666
Radial,9,15,False,False,False,Large Forb/Herb,0,0.13636363636363635
Radial,9,15,False,False,False,Large Forb/Herb,3,0.13636363636363635
Radial,9,15,False,False,False,Large Forb/Herb,6,0.045454545454545456
Radial,9,15,False,False,False,Medium Forb/Herb,0,0.22727272727272727
Radial,9,15,False,False,False,Medium Forb/Herb,3,0.22727272727272727
Radial,9,15,False,False,False,Medium Forb/Herb,6,0.09090909090909091
Radial,9,15,False,False,False,Prostrate or Mat-forming Forb/Herb,0,0.045454545454545456
Radial,9,15,False,False,False,Prostrate or Mat-forming Forb/Herb,3,0.0
Radial,9,15,False,False,False,Prostrate or Mat-forming Forb/Herb,6,0.045454545454545456
Radial,9,15,False,False,False,Small Tufted grass/sedge,0,0.045454545454545456
Radial,9,15,False,False,False,Small Tufted grass/sedge,3,0.0
Radial,9,15,False,False,False,Small Tufted grass/sedge,6,0.0
Radial,9,15,False,False,True,Medium Forb/Herb,0,0.16666666666666666
Radial,9,15,False,False,True,Medium Forb/Herb,3,0.3333333333333333
Radial,9,15,False,False,True,Medium Forb/Herb,6,0.0
Radial,9,15,False,False,True,Medium Non-tufted grass/sedge,0,0.16666666666666666
Radial,9,15,False,False,True,Medium Non-tufted grass/sedge,3,0.16666666666666666
Radial,9,15,False,False,True,Medium Non-tufted grass/sedge,6,0.0
Radial,9,15,False,False,True,Small Tufted grass/sedge,0,0.0
Radial,9,15,False,False,True,Small Tufted grass/sedge,3,0.0
Radial,9,15,False,False,True,Small Tufted grass/sedge,6,0.16666666666666666
Radial,9,16,True,True,False,Large Forb/Herb,0,0.047619047619047616
Radial,9,16,True,True,False,Large Forb/Herb,3,0.0
Radial,9,16,True,True,False,Large Forb/Herb,6,0.0
Radial,9,16,True,True,False,Medium Forb/Herb,0,0.16666666666666666
Radial,9,16,True,True,False,Medium Forb/Herb,3,0.40476190476190477
Radial,9,16,True,True,False,Medium Forb/Herb,6,0.023809523809523808
Radial,9,16,True,True,False,Medium Non-tufted grass/sedge,0,0.0
Radial,9,16,True,True,False,Medium Non-tufted grass/sedge,3,0.0
Radial,9,16,True,True,False,Medium Non-tufted grass/sedge,6,0.023809523809523808
Radial,9,16,True,True,False,Prostrate or Mat-forming Forb/Herb,0,0.023809523809523808
Radial,9,16,True,True,False,Prostrate or Mat-forming Forb/Herb,3,0.09523809523809523
Radial,9,16,True,True,False,Prostrate or Mat-forming Forb/Herb,6,0.047619047619047616
Radial,9,16,True,True,False,Small Tufted grass/sedge,0,0.047619047619047616
Radial,9,16,True,True,False,Small Tufted grass/sedge,3,0.09523809523809523
Radial,9,16,True,True,False,Small Tufted grass/sedge,6,0.023809523809523808
Radial,9,16,True,True,True,Large Forb/Herb,0,0.02127659574468085
Radial,9,16,True,True,True,Large Forb/Herb,3,0.10638297872340426
Radial,9,16,True,True,True,Large Forb/Herb,6,0.02127659574468085
Radial,9,16,True,True,True,Medium Forb/Herb,0,0.010638297872340425
Radial,9,16,True,True,True,Medium Forb/Herb,3,0.010638297872340425
Radial,9,16,True,True,True,Medium Forb/Herb,6,0.02127659574468085
Radial,9,16,True,True,True,Medium Non-tufted grass/sedge,0,0.010638297872340425
Radial,9,16,True,True,True,Medium Non-tufted grass/sedge,3,0.6382978723404256
Radial,9,16,True,True,True,Medium Non-tufted grass/sedge,6,0.10638297872340426
Radial,9,16,True,True,True,Prostrate or Mat-forming Forb/Herb,0,0.02127659574468085
Radial,9,16,True,True,True,Prostrate or Mat-forming Forb/Herb,3,0.010638297872340425
Radial,9,16,True,True,True,Prostrate or Mat-forming Forb/Herb,6,0.010638297872340425
Radial,9,16,True,True,True,Small Tufted grass/sedge,0,0.0
Radial,9,16,True,True,True,Small Tufted grass/sedge,3,0.0
Radial,9,16,True,True,True,Small Tufted grass/sedge,6,0.010638297872340425
Radial,9,17,False,False,False,Large Forb/Herb,0,0.10526315789473684
Radial,9,17,False,False,False,Large Forb/Herb,3,0.10526315789473684
Radial,9,17,False,False,False,Large Forb/Herb,6,0.05263157894736842
Radial,9,17,False,False,False,Medium Forb/Herb,0,0.15789473684210525
Radial,9,17,False,False,False,Medium Forb/Herb,3,0.23684210526315788
Radial,9,17,False,False,False,Medium Forb/Herb,6,0.10526315789473684
Radial,9,17,False,False,False,Prostrate or Mat-forming Forb/Herb,0,0.05263157894736842
Radial,9,17,False,False,False,Prostrate or Mat-forming Forb/Herb,3,0.07894736842105263
Radial,9,17,False,False,False,Prostrate or Mat-forming Forb/Herb,6,0.05263157894736842
Radial,9,17,False,False,False,Small Tufted grass/sedge,0,0.02631578947368421
Radial,9,17,False,False,False,Small Tufted grass/sedge,3,0.0
Radial,9,17,False,False,False,Small Tufted grass/sedge,6,0.02631578947368421
Radial,9,17,False,False,True,Medium Forb/Herb,0,0.017241379310344827
Radial,9,17,False,False,True,Medium Forb/Herb,3,0.017241379310344827
Radial,9,17,False,False,True,Medium Forb/Herb,6,0.0
Radial,9,17,False,False,True,Medium Non-tufted grass/sedge,0,0.1724137931034483
Radial,9,17,False,False,True,Medium Non-tufted grass/sedge,3,0.034482758620689655
Radial,9,17,False,False,True,Medium Non-tufted grass/sedge,6,0.034482758620689655
Radial,9,17,False,False,True,Prostrate or Mat-forming Forb/Herb,0,0.3448275862068966
Radial,9,17,False,False,True,Prostrate or Mat-forming Forb/Herb,3,0.3448275862068966
Radial,9,17,False,False,True,Prostrate or Mat-forming Forb/Herb,6,0.0
Radial,9,17,False,False,True,Small Tufted grass/sedge,0,0.0
Radial,9,17,False,False,True,Small Tufted grass/sedge,3,0.0
Radial,9,17,False,False,True,Small Tufted grass/sedge,6,0.034482758620689655
Radial,9,18,True,True,False,Large Forb/Herb,0,0.0
Radial,9,18,True,True,False,Large Forb/Herb,3,0.031496062992125984
Radial,9,18,True,True,False,Large Forb/Herb,6,0.007874015748031496
Radial,9,18,True,True,False,Medium Forb/Herb,0,0.031496062992125984
Radial,9,18,True,True,False,Medium Forb/Herb,3,0.4566929133858268
Radial,9,18,True,True,False,Medium Forb/Herb,6,0.03937007874015748
Radial,9,18,True,True,False,Prostrate or Mat-forming Forb/Herb,0,0.0
Radial,9,18,True,True,False,Prostrate or Mat-forming Forb/Herb,3,0.015748031496062992
Radial,9,18,True,True,False,Prostrate or Mat-forming Forb/Herb,6,0.15748031496062992
Radial,9,18,True,True,False,Small Forb/Herb,0,0.007874015748031496
Radial,9,18,True,True,False,Small Forb/Herb,3,0.0
Radial,9,18,True,True,False,Small Forb/Herb,6,0.0
Radial,9,18,True,True,False,Small Tufted grass/sedge,0,0.15748031496062992
Radial,9,18,True,True,False,Small Tufted grass/sedge,3,0.015748031496062992
Radial,9,18,True,True,False,Small Tufted grass/sedge,6,0.07874015748031496
Radial,9,18,True,True,True,Medium Forb/Herb,0,0.00909090909090909
Radial,9,18,True,True,True,Medium Forb/Herb,3,0.02727272727272727
Radial,9,18,True,True,True,Medium Forb/Herb,6,0.00909090909090909
Radial,9,18,True,True,True,Medium Non-tufted grass/sedge,0,0.18181818181818182
Radial,9,18,True,True,True,Medium Non-tufted grass/sedge,3,0.7272727272727273
Radial,9,18,True,True,True,Medium Non-tufted grass/sedge,6,0.0
Radial,9,18,True,True,True,Prostrate or Mat-forming Forb/Herb,0,0.0
Radial,9,18,True,True,True,Prostrate or Mat-forming Forb/Herb,3,0.0
Radial,9,18,True,True,True,Prostrate or Mat-forming Forb/Herb,6,0.01818181818181818
Radial,9,18,True,True,True,Small Tufted grass/sedge,0,0.0
Radial,9,18,True,True,True,Small Tufted grass/sedge,3,0.01818181818181818
Radial,9,18,True,True,True,Small Tufted grass/sedge,6,0.00909090909090909
Radial,9,19,False,True,False,Large Forb/Herb,0,0.046153846153846156
Radial,9,19,False,True,False,Large Forb/Herb,3,0.015384615384615385
Radial,9,19,False,True,False,Large Forb/Herb,6,0.015384615384615385
Radial,9,19,False,True,False,Large Tufted grass/sedge,0,0.15384615384615385
Radial,9,19,False,True,False,Large Tufted grass/sedge,3,0.03076923076923077
Radial,9,19,False,True,False,Large Tufted grass/sedge,6,0.015384615384615385
Radial,9,19,False,True,False,Medium Forb/Herb,0,0.06153846153846154
Radial,9,19,False,True,False,Medium Forb/Herb,3,0.24615384615384617
Radial,9,19,False,True,False,Medium Forb/Herb,6,0.015384615384615385
Radial,9,19,False,True,False,Medium Tufted grass/sedge,0,0.0
Radial,9,19,False,True,False,Medium Tufted grass/sedge,3,0.0
Radial,9,19,False,True,False,Medium Tufted grass/sedge,6,0.15384615384615385
Radial,9,19,False,True,False,Prostrate or Mat-forming Forb/Herb,0,0.046153846153846156
Radial,9,19,False,True,False,Prostrate or Mat-forming Forb/Herb,3,0.03076923076923077
Radial,9,19,False,True,False,Prostrate or Mat-forming Forb/Herb,6,0.015384615384615385
Radial,9,19,False,True,False,Small Tufted grass/sedge,0,0.03076923076923077
Radial,9,19,False,True,False,Small Tufted grass/sedge,3,0.07692307692307693
Radial,9,19,False,True,False,Small Tufted grass/sedge,6,0.046153846153846156
Radial,9,19,False,True,True,Large Forb/Herb,0,0.021052631578947368
Radial,9,19,False,True,True,Large Forb/Herb,3,0.10526315789473684
Radial,9,19,False,True,True,Large Forb/Herb,6,0.10526315789473684
Radial,9,19,False,True,True,Medium Forb/Herb,0,0.010526315789473684
Radial,9,19,False,True,True,Medium Forb/Herb,3,0.010526315789473684
Radial,9,19,False,True,True,Medium Forb/Herb,6,0.031578947368421054
Radial,9,19,False,True,True,Medium Non-tufted grass/sedge,0,0.021052631578947368
Radial,9,19,False,True,True,Medium Non-tufted grass/sedge,3,0.631578947368421
Radial,9,19,False,True,True,Medium Non-tufted grass/sedge,6,0.021052631578947368
Radial,9,19,False,True,True,Prostrate Shrub,0,0.0
Radial,9,19,False,True,True,Prostrate Shrub,3,0.0
Radial,9,19,False,True,True,Prostrate Shrub,6,0.021052631578947368
Radial,9,19,False,True,True,Prostrate or Mat-forming Forb/Herb,0,0.0
Radial,9,19,False,True,True,Prostrate or Mat-forming Forb/Herb,3,0.010526315789473684
Radial,9,19,False,True,True,Prostrate or Mat-forming Forb/Herb,6,0.0
Radial,9,19,False,True,True,Small Tufted grass/sedge,0,0.0
Radial,9,19,False,True,True,Small Tufted grass/sedge,3,0.010526315789473684
Radial,9,19,False,True,True,Small Tufted grass/sedge,6,0.0
Radial,9,20,True,True,False,Large Forb/Herb,0,0.024193548387096774
Radial,9,20,True,True,False,Large Forb/Herb,3,0.04032258064516129
Radial,9,20,True,True,False,Large Forb/Herb,6,0.0
Radial,9,20,True,True,False,Medium Forb/Herb,0,0.0967741935483871
Radial,9,20,True,True,False,Medium Forb/Herb,3,0.18548387096774194
Radial,9,20,True,True,False,Medium Forb/Herb,6,0.10483870967741936
Radial,9,20,True,True,False,Prostrate or Mat-forming Forb/Herb,0,0.008064516129032258
Radial,9,20,True,True,False,Prostrate or Mat-forming Forb/Herb,3,0.008064516129032258
Radial,9,20,True,True,False,Prostrate or Mat-forming Forb/Herb,6,0.008064516129032258
Radial,9,20,True,True,False,Small Tufted grass/sedge,0,0.016129032258064516
Radial,9,20,True,True,False,Small Tufted grass/sedge,3,0.33064516129032256
Radial,9,20,True,True,False,Small Tufted grass/sedge,6,0.16129032258064516
Radial,9,20,True,True,False,Tiny Tufted grass/sedge,0,0.0
Radial,9,20,True,True,False,Tiny Tufted grass/sedge,3,0.016129032258064516
Radial,9,20,True,True,False,Tiny Tufted grass/sedge,6,0.0
Radial,9,20,True,True,True,Climber,0,0.0
Radial,9,20,True,True,True,Climber,3,0.043478260869565216
Radial,9,20,True,True,True,Climber,6,0.0
Radial,9,20,True,True,True,Medium Forb/Herb,0,0.043478260869565216
Radial,9,20,True,True,True,Medium Forb/Herb,3,0.08695652173913043
Radial,9,20,True,True,True,Medium Forb/Herb,6,0.08695652173913043
Radial,9,20,True,True,True,Medium Non-tufted grass/sedge,0,0.08695652173913043
Radial,9,20,True,True,True,Medium Non-tufted grass/sedge,3,0.43478260869565216
Radial,9,20,True,True,True,Medium Non-tufted grass/sedge,6,0.043478260869565216
Radial,9,20,True,True,True,Prostrate or Mat-forming Forb/Herb,0,0.0
Radial,9,20,True,True,True,Prostrate or Mat-forming Forb/Herb,3,0.0
Radial,9,20,True,True,True,Prostrate or Mat-forming Forb/Herb,6,0.043478260869565216
Radial,9,20,True,True,True,Small Tufted grass/sedge,0,0.0
Radial,9,20,True,True,True,Small Tufted grass/sedge,3,0.043478260869565216
Radial,9,20,True,True,True,Small Tufted grass/sedge,6,0.08695652173913043
Radial,9,21,False,True,False,Large Forb/Herb,0,0.03389830508474576
Radial,9,21,False,True,False,Large Forb/Herb,3,0.01694915254237288
Radial,9,21,False,True,False,Large Forb/Herb,6,0.0
Radial,9,21,False,True,False,Large Tufted grass/sedge,0,0.00847457627118644
Radial,9,21,False,True,False,Large Tufted grass/sedge,3,0.0
Radial,9,21,False,True,False,Large Tufted grass/sedge,6,0.00847457627118644
Radial,9,21,False,True,False,Medium Forb/Herb,0,0.05084745762711865
Radial,9,21,False,True,False,Medium Forb/Herb,3,0.2288135593220339
Radial,9,21,False,True,False,Medium Forb/Herb,6,0.01694915254237288
Radial,9,21,False,True,False,Medium Tufted grass/sedge,0,0.3389830508474576
Radial,9,21,False,True,False,Medium Tufted grass/sedge,3,0.0
Radial,9,21,False,True,False,Medium Tufted grass/sedge,6,0.01694915254237288
Radial,9,21,False,True,False,Prostrate or Mat-forming Forb/Herb,0,0.01694915254237288
Radial,9,21,False,True,False,Prostrate or Mat-forming Forb/Herb,3,0.01694915254237288
Radial,9,21,False,True,False,Prostrate or Mat-forming Forb/Herb,6,0.00847457627118644
Radial,9,21,False,True,False,Small Non-tufted grass/sedge,0,0.0
Radial,9,21,False,True,False,Small Non-tufted grass/sedge,3,0.01694915254237288
Radial,9,21,False,True,False,Small Non-tufted grass/sedge,6,0.0
Radial,9,21,False,True,False,Small Tufted grass/sedge,0,0.01694915254237288
Radial,9,21,False,True,False,Small Tufted grass/sedge,3,0.17796610169491525
Radial,9,21,False,True,False,Small Tufted grass/sedge,6,0.025423728813559324
Radial,9,21,False,True,True,Medium Forb/Herb,0,0.03571428571428571
Radial,9,21,False,True,True,Medium Forb/Herb,3,0.07142857142857142
Radial,9,21,False,True,True,Medium Forb/Herb,6,0.0
Radial,9,21,False,True,True,Medium Non-tufted grass/sedge,0,0.07142857142857142
Radial,9,21,False,True,True,Medium Non-tufted grass/sedge,3,0.35714285714285715
Radial,9,21,False,True,True,Medium Non-tufted grass/sedge,6,0.35714285714285715
Radial,9,21,False,True,True,Prostrate or Mat-forming Forb/Herb,0,0.0
Radial,9,21,False,True,True,Prostrate or Mat-forming Forb/Herb,3,0.07142857142857142
Radial,9,21,False,True,True,Prostrate or Mat-forming Forb/Herb,6,0.03571428571428571
Radial,9,22,True,True,False,Large Forb/Herb,0,0.1
Radial,9,22,True,True,False,Large Forb/Herb,3,0.016666666666666666
Radial,9,22,True,True,False,Large Forb/Herb,6,0.0
Radial,9,22,True,True,False,Large Tufted grass/sedge,0,0.008333333333333333
Radial,9,22,True,True,False,Large Tufted grass/sedge,3,0.008333333333333333
Radial,9,22,True,True,False,Large Tufted grass/sedge,6,0.0
Radial,9,22,True,True,False,Medium Forb/Herb,0,0.041666666666666664
Radial,9,22,True,True,False,Medium Forb/Herb,3,0.05
Radial,9,22,True,True,False,Medium Forb/Herb,6,0.03333333333333333
Radial,9,22,True,True,False,Medium Non-tufted grass/sedge,0,0.0
Radial,9,22,True,True,False,Medium Non-tufted grass/sedge,3,0.0
Radial,9,22,True,True,False,Medium Non-tufted grass/sedge,6,0.008333333333333333
Radial,9,22,True,True,False,Medium Tufted grass/sedge,0,0.0
Radial,9,22,True,True,False,Medium Tufted grass/sedge,3,0.0
Radial,9,22,True,True,False,Medium Tufted grass/sedge,6,0.025
Radial,9,22,True,True,False,Prostrate or Mat-forming Forb/Herb,0,0.0
Radial,9,22,True,True,False,Prostrate or Mat-forming Forb/Herb,3,0.008333333333333333
Radial,9,22,True,True,False,Prostrate or Mat-forming Forb/Herb,6,0.008333333333333333
Radial,9,22,True,True,False,Small Tufted grass/sedge,0,0.08333333333333333
Radial,9,22,True,True,False,Small Tufted grass/sedge,3,0.525
Radial,9,22,True,True,False,Small Tufted grass/sedge,6,0.08333333333333333
Radial,9,22,True,True,True,Medium Forb/Herb,0,0.05
Radial,9,22,True,True,True,Medium Forb/Herb,3,0.1
Radial,9,22,True,True,True,Medium Forb/Herb,6,0.05
Radial,9,22,True,True,True,Medium Non-tufted grass/sedge,0,0.05
Radial,9,22,True,True,True,Medium Non-tufted grass/sedge,3,0.5
Radial,9,22,True,True,True,Medium Non-tufted grass/sedge,6,0.0
Radial,9,22,True,True,True,Prostrate or Mat-forming Forb/Herb,0,0.05
Radial,9,22,True,True,True,Prostrate or Mat-forming Forb/Herb,3,0.1
Radial,9,22,True,True,True,Prostrate or Mat-forming Forb/Herb,6,0.05
Radial,9,22,True,True,True,Small Tufted grass/sedge,0,0.0
Radial,9,22,True,True,True,Small Tufted grass/sedge,3,0.0
Radial,9,22,True,True,True,Small Tufted grass/sedge,6,0.05
Radial,9,23,False,True,False,Large Forb/Herb,0,0.0847457627118644
Radial,9,23,False,True,False,Large Forb/Herb,3,0.06779661016949153
Radial,9,23,False,True,False,Large Forb/Herb,6,0.01694915254237288
Radial,9,23,False,True,False,Medium Forb/Herb,0,0.13559322033898305
Radial,9,23,False,True,False,Medium Forb/Herb,3,0.13559322033898305
Radial,9,23,False,True,False,Medium Forb/Herb,6,0.06779661016949153
Radial,9,23,False,True,False,Medium Tufted grass/sedge,0,0.0
Radial,9,23,False,True,False,Medium Tufted grass/sedge,3,0.0
Radial,9,23,False,True,False,Medium Tufted grass/sedge,6,0.01694915254237288
Radial,9,23,False,True,False,Prostrate or Mat-forming Forb/Herb,0,0.05084745762711865
Radial,9,23,False,True,False,Prostrate or Mat-forming Forb/Herb,3,0.05084745762711865
Radial,9,23,False,True,False,Prostrate or Mat-forming Forb/Herb,6,0.05084745762711865
Radial,9,23,False,True,False,Small Non-tufted grass/sedge,0,0.0
Radial,9,23,False,True,False,Small Non-tufted grass/sedge,3,0.03389830508474576
Radial,9,23,False,True,False,Small Non-tufted grass/sedge,6,0.0
Radial,9,23,False,True,False,Small Tufted grass/sedge,0,0.03389830508474576
Radial,9,23,False,True,False,Small Tufted grass/sedge,3,0.22033898305084745
Radial,9,23,False,True,False,Small Tufted grass/sedge,6,0.03389830508474576
Radial,9,23,False,True,True,Medium Forb/Herb,0,0.023529411764705882
Radial,9,23,False,True,True,Medium Forb/Herb,3,0.08235294117647059
Radial,9,23,False,True,True,Medium Forb/Herb,6,0.03529411764705882
Radial,9,23,False,True,True,Medium Non-tufted grass/sedge,0,0.11764705882352941
Radial,9,23,False,True,True,Medium Non-tufted grass/sedge,3,0.11764705882352941
Radial,9,23,False,True,True,Medium Non-tufted grass/sedge,6,0.023529411764705882
Radial,9,23,False,True,True,Prostrate or Mat-forming Forb/Herb,0,0.47058823529411764
Radial,9,23,False,True,True,Prostrate or Mat-forming Forb/Herb,3,0.11764705882352941
Radial,9,23,False,True,True,Prostrate or Mat-forming Forb/Herb,6,0.011764705882352941
Radial,9,24,True,True,False,Large Forb/Herb,0,0.046511627906976744
Radial,9,24,True,True,False,Large Forb/Herb,3,0.13953488372093023
Radial,9,24,True,True,False,Large Forb/Herb,6,0.011627906976744186
Radial,9,24,True,True,False,Large Tufted grass/sedge,0,0.0
Radial,9,24,True,True,False,Large Tufted grass/sedge,3,0.011627906976744186
Radial,9,24,True,True,False,Large Tufted grass/sedge,6,0.0
Radial,9,24,True,True,False,Medium Forb/Herb,0,0.19767441860465115
Radial,9,24,True,True,False,Medium Forb/Herb,3,0.36046511627906974
Radial,9,24,True,True,False,Medium Forb/Herb,6,0.011627906976744186
Radial,9,24,True,True,False,Prostrate or Mat-forming Forb/Herb,0,0.011627906976744186
Radial,9,24,True,True,False,Prostrate or Mat-forming Forb/Herb,3,0.023255813953488372
Radial,9,24,True,True,False,Prostrate or Mat-forming Forb/Herb,6,0.0
Radial,9,24,True,True,False,Small Tufted grass/sedge,0,0.023255813953488372
Radial,9,24,True,True,False,Small Tufted grass/sedge,3,0.16279069767441862
Radial,9,24,True,True,False,Small Tufted grass/sedge,6,0.0
Radial,9,24,True,True,True,Large Forb/Herb,0,0.0
Radial,9,24,True,True,True,Large Forb/Herb,3,0.013422818791946308
Radial,9,24,True,True,True,Large Forb/Herb,6,0.0
Radial,9,24,True,True,True,Large Shrub to Medium Tree,0,0.0
Radial,9,24,True,True,True,Large Shrub to Medium Tree,3,0.013422818791946308
Radial,9,24,True,True,True,Large Shrub to Medium Tree,6,0.006711409395973154
Radial,9,24,True,True,True,Medium Forb/Herb,0,0.0
Radial,9,24,True,True,True,Medium Forb/Herb,3,0.006711409395973154
Radial,9,24,True,True,True,Medium Forb/Herb,6,0.0
Radial,9,24,True,True,True,Medium Non-tufted grass/sedge,0,0.06711409395973154
Radial,9,24,True,True,True,Medium Non-tufted grass/sedge,3,0.5369127516778524
Radial,9,24,True,True,True,Medium Non-tufted grass/sedge,6,0.06711409395973154
Radial,9,24,True,True,True,Prostrate or Mat-forming Forb/Herb,0,0.06711409395973154
Radial,9,24,True,True,True,Prostrate or Mat-forming Forb/Herb,3,0.1342281879194631
Radial,9,24,True,True,True,Prostrate or Mat-forming Forb/Herb,6,0.006711409395973154
Radial,9,24,True,True,True,Shrub,0,0.013422818791946308
Radial,9,24,True,True,True,Shrub,3,0.06711409395973154
Radial,9,24,True,True,True,Shrub,6,0.0
Radial,9,25,False,True,False,Large Forb/Herb,0,0.027777777777777776
Radial,9,25,False,True,False,Large Forb/Herb,3,0.020833333333333332
Radial,9,25,False,True,False,Large Forb/Herb,6,0.013888888888888888
Radial,9,25,False,True,False,Medium Forb/Herb,0,0.034722222222222224
Radial,9,25,False,True,False,Medium Forb/Herb,3,0.19444444444444445
Radial,9,25,False,True,False,Medium Forb/Herb,6,0.027777777777777776
Radial,9,25,False,True,False,Medium Tufted grass/sedge,0,0.0
Radial,9,25,False,True,False,Medium Tufted grass/sedge,3,0.08333333333333333
Radial,9,25,False,True,False,Medium Tufted grass/sedge,6,0.0
Radial,9,25,False,True,False,Prostrate or Mat-forming Forb/Herb,0,0.013888888888888888
Radial,9,25,False,True,False,Prostrate or Mat-forming Forb/Herb,3,0.013888888888888888
Radial,9,25,False,True,False,Prostrate or Mat-forming Forb/Herb,6,0.013888888888888888
Radial,9,25,False,True,False,Small Tufted grass/sedge,0,0.4166666666666667
Radial,9,25,False,True,False,Small Tufted grass/sedge,3,0.0
Radial,9,25,False,True,False,Small Tufted grass/sedge,6,0.1388888888888889
Radial,9,25,False,True,True,Medium Forb/Herb,0,0.011764705882352941
Radial,9,25,False,True,True,Medium Forb/Herb,3,0.0058823529411764705
Radial,9,25,False,True,True,Medium Forb/Herb,6,0.011764705882352941
Radial,9,25,False,True,True,Medium Non-tufted grass/sedge,0,0.35294117647058826
Radial,9,25,False,True,True,Medium Non-tufted grass/sedge,3,0.5882352941176471
Radial,9,25,False,True,True,Medium Non-tufted grass/sedge,6,0.0058823529411764705
Radial,9,25,False,True,True,Prostrate or Mat-forming Forb/Herb,0,0.0
Radial,9,25,False,True,True,Prostrate or Mat-forming Forb/Herb,3,0.011764705882352941
Radial,9,25,False,True,True,Prostrate or Mat-forming Forb/Herb,6,0.0058823529411764705
Radial,9,25,False,True,True,Small Tufted grass/sedge,0,0.0
Radial,9,25,False,True,True,Small Tufted grass/sedge,3,0.0058823529411764705
Radial,9,25,False,True,True,Small Tufted grass/sedge,6,0.0
Radial,9,26,True,True,False,Large Forb/Herb,0,0.04597701149425287
Radial,9,26,True,True,False,Large Forb/Herb,3,0.034482758620689655
Radial,9,26,True,True,False,Large Forb/Herb,6,0.011494252873563218
Radial,9,26,True,True,False,Large Tufted grass/sedge,0,0.022988505747126436
Radial,9,26,True,True,False,Large Tufted grass/sedge,3,0.0
Radial,9,26,True,True,False,Large Tufted grass/sedge,6,0.0
Radial,9,26,True,True,False,Medium Forb/Herb,0,0.09195402298850575
Radial,9,26,True,True,False,Medium Forb/Herb,3,0.11494252873563218
Radial,9,26,True,True,False,Medium Forb/Herb,6,0.11494252873563218
Radial,9,26,True,True,False,Medium Tufted grass/sedge,0,0.0
Radial,9,26,True,True,False,Medium Tufted grass/sedge,3,0.011494252873563218
Radial,9,26,True,True,False,Medium Tufted grass/sedge,6,0.0
Radial,9,26,True,True,False,Prostrate or Mat-forming Forb/Herb,0,0.011494252873563218
Radial,9,26,True,True,False,Prostrate or Mat-forming Forb/Herb,3,0.022988505747126436
Radial,9,26,True,True,False,Prostrate or Mat-forming Forb/Herb,6,0.011494252873563218
Radial,9,26,True,True,False,Small Non-tufted grass/sedge,0,0.0
Radial,9,26,True,True,False,Small Non-tufted grass/sedge,3,0.022988505747126436
Radial,9,26,True,True,False,Small Non-tufted grass/sedge,6,0.0
Radial,9,26,True,True,False,Small Tufted grass/sedge,0,0.22988505747126436
Radial,9,26,True,True,False,Small Tufted grass/sedge,3,0.22988505747126436
Radial,9,26,True,True,False,Small Tufted grass/sedge,6,0.022988505747126436
Radial,9,26,True,True,True,Large Forb/Herb,0,0.03125
Radial,9,26,True,True,True,Large Forb/Herb,3,0.15625
Radial,9,26,True,True,True,Large Forb/Herb,6,0.3125
Radial,9,26,True,True,True,Medium Forb/Herb,0,0.03125
Radial,9,26,True,True,True,Medium Forb/Herb,3,0.203125
Radial,9,26,True,True,True,Medium Forb/Herb,6,0.03125
Radial,9,26,True,True,True,Medium Non-tufted grass/sedge,0,0.015625
Radial,9,26,True,True,True,Medium Non-tufted grass/sedge,3,0.0
Radial,9,26,True,True,True,Medium Non-tufted grass/sedge,6,0.0
Radial,9,26,True,True,True,Prostrate or Mat-forming Forb/Herb,0,0.03125
Radial,9,26,True,True,True,Prostrate or Mat-forming Forb/Herb,3,0.15625
Radial,9,26,True,True,True,Prostrate or Mat-forming Forb/Herb,6,0.0
Radial,9,26,True,True,True,Small Tufted grass/sedge,0,0.0
Radial,9,26,True,True,True,Small Tufted grass/sedge,3,0.015625
Radial,9,26,True,True,True,Small Tufted grass/sedge,6,0.015625
Radial,9,27,False,True,False,Large Forb/Herb,0,0.11627906976744186
Radial,9,27,False,True,False,Large Forb/Herb,3,0.11627906976744186
Radial,9,27,False,True,False,Large Forb/Herb,6,0.0
Radial,9,27,False,True,False,Medium Forb/Herb,0,0.16279069767441862
Radial,9,27,False,True,False,Medium Forb/Herb,3,0.20930232558139536
Radial,9,27,False,True,False,Medium Forb/Herb,6,0.023255813953488372
Radial,9,27,False,True,False,Medium Tufted grass/sedge,0,0.0
Radial,9,27,False,True,False,Medium Tufted grass/sedge,3,0.023255813953488372
Radial,9,27,False,True,False,Medium Tufted grass/sedge,6,0.023255813953488372
Radial,9,27,False,True,False,Prostrate or Mat-forming Forb/Herb,0,0.06976744186046512
Radial,9,27,False,True,False,Prostrate or Mat-forming Forb/Herb,3,0.046511627906976744
Radial,9,27,False,True,False,Prostrate or Mat-forming Forb/Herb,6,0.046511627906976744
Radial,9,27,False,True,False,Scrambler,0,0.023255813953488372
Radial,9,27,False,True,False,Scrambler,3,0.0
Radial,9,27,False,True,False,Scrambler,6,0.0
Radial,9,27,False,True,False,Small Non-tufted grass/sedge,0,0.0
Radial,9,27,False,True,False,Small Non-tufted grass/sedge,3,0.046511627906976744
Radial,9,27,False,True,False,Small Non-tufted grass/sedge,6,0.0
Radial,9,27,False,True,False,Small Tufted grass/sedge,0,0.023255813953488372
Radial,9,27,False,True,False,Small Tufted grass/sedge,3,0.046511627906976744
Radial,9,27,False,True,False,Small Tufted grass/sedge,6,0.023255813953488372
Radial,9,27,False,True,True,Medium Forb/Herb,0,0.011811023622047244
Radial,9,27,False,True,True,Medium Forb/Herb,3,0.007874015748031496
Radial,9,27,False,True,True,Medium Forb/Herb,6,0.003937007874015748
Radial,9,27,False,True,True,Medium Non-tufted grass/sedge,0,0.07874015748031496
Radial,9,27,False,True,True,Medium Non-tufted grass/sedge,3,0.47244094488188976
Radial,9,27,False,True,True,Medium Non-tufted grass/sedge,6,0.3937007874015748
Radial,9,27,False,True,True,Prostrate or Mat-forming Forb/Herb,0,0.007874015748031496
Radial,9,27,False,True,True,Prostrate or Mat-forming Forb/Herb,3,0.007874015748031496
Radial,9,27,False,True,True,Prostrate or Mat-forming Forb/Herb,6,0.003937007874015748
Radial,9,27,False,True,True,Small Tufted grass/sedge,0,0.0
Radial,9,27,False,True,True,Small Tufted grass/sedge,3,0.007874015748031496
Radial,9,27,False,True,True,Small Tufted grass/sedge,6,0.003937007874015748
Radial,9,28,True,True,False,Large Forb/Herb,0,0.05
Radial,9,28,True,True,False,Large Forb/Herb,3,0.0375
Radial,9,28,True,True,False,Large Forb/Herb,6,0.0375
Radial,9,28,True,True,False,Large Tufted grass/sedge,0,0.0
Radial,9,28,True,True,False,Large Tufted grass/sedge,3,0.025
Radial,9,28,True,True,False,Large Tufted grass/sedge,6,0.0
Radial,9,28,True,True,False,Medium Forb/Herb,0,0.0875
Radial,9,28,True,True,False,Medium Forb/Herb,3,0.2875
Radial,9,28,True,True,False,Medium Forb/Herb,6,0.025
Radial,9,28,True,True,False,Prostrate or Mat-forming Forb/Herb,0,0.025
Radial,9,28,True,True,False,Prostrate or Mat-forming Forb/Herb,3,0.125
Radial,9,28,True,True,False,Prostrate or Mat-forming Forb/Herb,6,0.025
Radial,9,28,True,True,False,Small Non-tufted grass/sedge,0,0.0
Radial,9,28,True,True,False,Small Non-tufted grass/sedge,3,0.025
Radial,9,28,True,True,False,Small Non-tufted grass/sedge,6,0.0
Radial,9,28,True,True,False,Small Tufted grass/sedge,0,0.25
Radial,9,28,True,True,False,Small Tufted grass/sedge,3,0.0
Radial,9,28,True,True,False,Small Tufted grass/sedge,6,0.0
Radial,9,28,True,True,True,Large Forb/Herb,0,0.013333333333333334
Radial,9,28,True,True,True,Large Forb/Herb,3,0.013333333333333334
Radial,9,28,True,True,True,Large Forb/Herb,6,0.02666666666666667
Radial,9,28,True,True,True,Medium Forb/Herb,0,0.0
Radial,9,28,True,True,True,Medium Forb/Herb,3,0.02666666666666667
Radial,9,28,True,True,True,Medium Forb/Herb,6,0.02666666666666667
Radial,9,28,True,True,True,Medium Non-tufted grass/sedge,0,0.0
Radial,9,28,True,True,True,Medium Non-tufted grass/sedge,3,0.5333333333333333
Radial,9,28,True,True,True,Medium Non-tufted grass/sedge,6,0.013333333333333334
Radial,9,28,True,True,True,Prostrate or Mat-forming Forb/Herb,0,0.26666666666666666
Radial,9,28,True,True,True,Prostrate or Mat-forming Forb/Herb,3,0.02666666666666667
Radial,9,28,True,True,True,Prostrate or Mat-forming Forb/Herb,6,0.013333333333333334
Radial,9,28,True,True,True,Small Tufted grass/sedge,0,0.0
Radial,9,28,True,True,True,Small Tufted grass/sedge,3,0.04
Radial,9,28,True,True,True,Small Tufted grass/sedge,6,0.0
Radial,9,29,False,True,False,Large Forb/Herb,0,0.04081632653061224
Radial,9,29,False,True,False,Large Forb/Herb,3,0.21428571428571427
Radial,9,29,False,True,False,Large Forb/Herb,6,0.01020408163265306
Radial,9,29,False,True,False,Large Tufted grass/sedge,0,0.10204081632653061
Radial,9,29,False,True,False,Large Tufted grass/sedge,3,0.0
Radial,9,29,False,True,False,Large Tufted grass/sedge,6,0.0
Radial,9,29,False,True,False,Medium Forb/Herb,0,0.16326530612244897
Radial,9,29,False,True,False,Medium Forb/Herb,3,0.17346938775510204
Radial,9,29,False,True,False,Medium Forb/Herb,6,0.02040816326530612
Radial,9,29,False,True,False,Medium Tufted grass/sedge,0,0.0
Radial,9,29,False,True,False,Medium Tufted grass/sedge,3,0.0
Radial,9,29,False,True,False,Medium Tufted grass/sedge,6,0.02040816326530612
Radial,9,29,False,True,False,Prostrate or Mat-forming Forb/Herb,0,0.030612244897959183
Radial,9,29,False,True,False,Prostrate or Mat-forming Forb/Herb,3,0.20408163265306123
Radial,9,29,False,True,False,Prostrate or Mat-forming Forb/Herb,6,0.01020408163265306
Radial,9,29,False,True,False,Scrambler,0,0.01020408163265306
Radial,9,29,False,True,False,Scrambler,3,0.0
Radial,9,29,False,True,False,Scrambler,6,0.0
Radial,9,29,False,True,True,Medium Forb/Herb,0,0.046875
Radial,9,29,False,True,True,Medium Forb/Herb,3,0.046875
Radial,9,29,False,True,True,Medium Forb/Herb,6,0.046875
Radial,9,29,False,True,True,Medium Non-tufted grass/sedge,0,0.15625
Radial,9,29,False,True,True,Medium Non-tufted grass/sedge,3,0.625
Radial,9,29,False,True,True,Medium Non-tufted grass/sedge,6,0.03125
Radial,9,29,False,True,True,Prostrate or Mat-forming Forb/Herb,0,0.0
Radial,9,29,False,True,True,Prostrate or Mat-forming Forb/Herb,3,0.03125
Radial,9,29,False,True,True,Prostrate or Mat-forming Forb/Herb,6,0.015625
Radial,9,30,True,True,False,Large Forb/Herb,0,0.046511627906976744
Radial,9,30,True,True,False,Large Forb/Herb,3,0.011627906976744186
Radial,9,30,True,True,False,Large Forb/Herb,6,0.0
Radial,9,30,True,True,False,Large Tufted grass/sedge,0,0.023255813953488372
Radial,9,30,True,True,False,Large Tufted grass/sedge,3,0.23255813953488372
Radial,9,30,True,True,False,Large Tufted grass/sedge,6,0.0
Radial,9,30,True,True,False,Medium Forb/Herb,0,0.09302325581395349
Radial,9,30,True,True,False,Medium Forb/Herb,3,0.03488372093023256
Radial,9,30,True,True,False,Medium Forb/Herb,6,0.011627906976744186
Radial,9,30,True,True,False,Medium Tufted grass/sedge,0,0.0
Radial,9,30,True,True,False,Medium Tufted grass/sedge,3,0.0
Radial,9,30,True,True,False,Medium Tufted grass/sedge,6,0.46511627906976744
Radial,9,30,True,True,False,Prostrate or Mat-forming Forb/Herb,0,0.023255813953488372
Radial,9,30,True,True,False,Prostrate or Mat-forming Forb/Herb,3,0.0
Radial,9,30,True,True,False,Prostrate or Mat-forming Forb/Herb,6,0.023255813953488372
Radial,9,30,True,True,False,Small Non-tufted grass/sedge,0,0.011627906976744186
Radial,9,30,True,True,False,Small Non-tufted grass/sedge,3,0.0
Radial,9,30,True,True,False,Small Non-tufted grass/sedge,6,0.0
Radial,9,30,True,True,False,Small Tufted grass/sedge,0,0.011627906976744186
Radial,9,30,True,True,False,Small Tufted grass/sedge,3,0.0
Radial,9,30,True,True,False,Small Tufted grass/sedge,6,0.011627906976744186
Radial,9,30,True,True,True,Medium Forb/Herb,0,0.006493506493506494
Radial,9,30,True,True,True,Medium Forb/Herb,3,0.0
Radial,9,30,True,True,True,Medium Forb/Herb,6,0.006493506493506494
Radial,9,30,True,True,True,Medium Non-tufted grass/sedge,0,0.012987012987012988
Radial,9,30,True,True,True,Medium Non-tufted grass/sedge,3,0.9090909090909091
Radial,9,30,True,True,True,Medium Non-tufted grass/sedge,6,0.012987012987012988
Radial,9,30,True,True,True,Prostrate or Mat-forming Forb/Herb,0,0.012987012987012988
Radial,9,30,True,True,True,Prostrate or Mat-forming Forb/Herb,3,0.012987012987012988
Radial,9,30,True,True,True,Prostrate or Mat-forming Forb/Herb,6,0.0
Radial,9,30,True,True,True,Shrub,0,0.012987012987012988
Radial,9,30,True,True,True,Shrub,3,0.012987012987012988
Radial,9,30,True,True,True,Shrub,6,0.0
Radial,9,31,False,True,False,Large Forb/Herb,0,0.11627906976744186
Radial,9,31,False,True,False,Large Forb/Herb,3,0.06976744186046512
Radial,9,31,False,True,False,Large Forb/Herb,6,0.023255813953488372
Radial,9,31,False,True,False,Medium Forb/Herb,0,0.09302325581395349
Radial,9,31,False,True,False,Medium Forb/Herb,3,0.046511627906976744
Radial,9,31,False,True,False,Medium Forb/Herb,6,0.06976744186046512
Radial,9,31,False,True,False,Prostrate or Mat-forming Forb/Herb,0,0.06976744186046512
Radial,9,31,False,True,False,Prostrate or Mat-forming Forb/Herb,3,0.0
Radial,9,31,False,True,False,Prostrate or Mat-forming Forb/Herb,6,0.0
Radial,9,31,False,True,False,Small Tufted grass/sedge,0,0.2558139534883721
Radial,9,31,False,True,False,Small Tufted grass/sedge,3,0.2558139534883721
Radial,9,31,False,True,False,Small Tufted grass/sedge,6,0.0
Radial,9,31,False,True,True,Climber,0,0.003067484662576687
Radial,9,31,False,True,True,Climber,3,0.0
Radial,9,31,False,True,True,Climber,6,0.0
Radial,9,31,False,True,True,Large Forb/Herb,0,0.003067484662576687
Radial,9,31,False,True,True,Large Forb/Herb,3,0.06134969325153374
Radial,9,31,False,True,True,Large Forb/Herb,6,0.12269938650306748
Radial,9,31,False,True,True,Medium Forb/Herb,0,0.003067484662576687
Radial,9,31,False,True,True,Medium Forb/Herb,3,0.003067484662576687
Radial,9,31,False,True,True,Medium Forb/Herb,6,0.003067484662576687
Radial,9,31,False,True,True,Medium Non-tufted grass/sedge,0,0.06134969325153374
Radial,9,31,False,True,True,Medium Non-tufted grass/sedge,3,0.4294478527607362
Radial,9,31,False,True,True,Medium Non-tufted grass/sedge,6,0.06134969325153374
Radial,9,31,False,True,True,Prostrate or Mat-forming Forb/Herb,0,0.18404907975460122
Radial,9,31,False,True,True,Prostrate or Mat-forming Forb/Herb,3,0.03067484662576687
Radial,9,31,False,True,True,Prostrate or Mat-forming Forb/Herb,6,0.0
Radial,9,31,False,True,True,Small Tufted grass/sedge,0,0.0
Radial,9,31,False,True,True,Small Tufted grass/sedge,3,0.0
Radial,9,31,False,True,True,Small Tufted grass/sedge,6,0.03374233128834356
Radial,9,32,True,True,False,Large Forb/Herb,0,0.028846153846153848
Radial,9,32,True,True,False,Large Forb/Herb,3,0.038461538461538464
Radial,9,32,True,True,False,Large Forb/Herb,6,0.009615384615384616
Radial,9,32,True,True,False,Large Tufted grass/sedge,0,0.0
Radial,9,32,True,True,False,Large Tufted grass/sedge,3,0.019230769230769232
Radial,9,32,True,True,False,Large Tufted grass/sedge,6,0.0
Radial,9,32,True,True,False,Medium Forb/Herb,0,0.04807692307692308
Radial,9,32,True,True,False,Medium Forb/Herb,3,0.09615384615384616
Radial,9,32,True,True,False,Medium Forb/Herb,6,0.019230769230769232
Radial,9,32,True,True,False,Medium Tufted grass/sedge,0,0.0
Radial,9,32,True,True,False,Medium Tufted grass/sedge,3,0.019230769230769232
Radial,9,32,True,True,False,Medium Tufted grass/sedge,6,0.38461538461538464
Radial,9,32,True,True,False,Prostrate or Mat-forming Forb/Herb,0,0.0
Radial,9,32,True,True,False,Prostrate or Mat-forming Forb/Herb,3,0.009615384615384616
Radial,9,32,True,True,False,Prostrate or Mat-forming Forb/Herb,6,0.009615384615384616
Radial,9,32,True,True,False,Small Non-tufted grass/sedge,0,0.0
Radial,9,32,True,True,False,Small Non-tufted grass/sedge,3,0.019230769230769232
Radial,9,32,True,True,False,Small Non-tufted grass/sedge,6,0.0
Radial,9,32,True,True,False,Small Tufted grass/sedge,0,0.09615384615384616
Radial,9,32,True,True,False,Small Tufted grass/sedge,3,0.009615384615384616
Radial,9,32,True,True,False,Small Tufted grass/sedge,6,0.19230769230769232
Radial,9,32,True,True,True,Medium Forb/Herb,0,0.05555555555555555
Radial,9,32,True,True,True,Medium Forb/Herb,3,0.1111111111111111
Radial,9,32,True,True,True,Medium Forb/Herb,6,0.027777777777777776
Radial,9,32,True,True,True,Medium Non-tufted grass/sedge,0,0.05555555555555555
Radial,9,32,True,True,True,Medium Non-tufted grass/sedge,3,0.05555555555555555
Radial,9,32,True,True,True,Medium Non-tufted grass/sedge,6,0.027777777777777776
Radial,9,32,True,True,True,Prostrate or Mat-forming Forb/Herb,0,0.5555555555555556
Radial,9,32,True,True,True,Prostrate or Mat-forming Forb/Herb,3,0.05555555555555555
Radial,9,32,True,True,True,Prostrate or Mat-forming Forb/Herb,6,0.027777777777777776
Radial,9,32,True,True,True,Small Tufted grass/sedge,0,0.0
Radial,9,32,True,True,True,Small Tufted grass/sedge,3,0.027777777777777776
Radial,9,32,True,True,True,Small Tufted grass/sedge,6,0.0
